22:57:22.841 > 3882,53,95858062,95845889,8614.62,-66.43,-82.76,34.4,28.5541
22:57:22.895 > 3935,54,95858510,95846339,8612.86,-67.16,-82.46,34.4,28.5494
22:57:22.948 > 3988,55,95858471,95846285,8608.98,-65.55,-78.71,34.4,28.5869
22:57:23.000 > 4041,56,95858438,95846256,8606.56,-64.99,-80.03,34.4,28.5775
22:57:23.054 > 4094,57,95858433,95846250,8613.67,-66.28,-81.56,34.4,28.5775
22:57:23.107 > 4147,58,95858436,95846259,8610.96,-65.22,-80.29,34.4,28.5635
22:57:23.159 > 4200,59,95858470,95846286,8613.52,-65.59,-78.73,34.4,28.5822
22:57:23.213 > 4253,60,95858506,95846330,8610.81,-66.18,-82.99,34.4,28.5635
22:57:23.266 > 4306,61,95858567,95846392,8606.04,-65.24,-81.03,34.4,28.5588
22:57:23.324 > 4359,62,95858136,95845953,8606.12,-65.16,-81.88,34.4,28.5775
22:57:23.371 > 4412,63,95858232,95846040,8607.88,-65.39,-79.63,34.4,28.6010
22:57:23.424 > 4465,64,95858346,95846154,8608.83,-64.93,-77.79,34.4,28.6010
22:57:23.477 > 4518,65,95858476,95846283,8612.35,-65.99,-81.21,34.4,28.6010
22:57:23.531 > 4571,66,95858101,95845920,8614.18,-65.14,-78.71,34.4,28.5728
22:57:23.583 > 4624,67,95858271,95846079,8596.37,-64.86,-77.90,34.4,28.6010
22:57:23.636 > 4677,68,95858443,95846258,8609.49,-66.30,-83.83,34.4,28.5822
22:57:23.690 > 4730,69,95858124,95845941,8612.72,-66.43,-83.47,34.4,28.5775
22:57:23.743 > 4783,70,95858330,95846138,8606.56,-65.35,-77.89,34.4,28.6010
22:57:23.796 > 4836,71,95858549,95846369,8596.22,-64.99,-79.52,34.4,28.5728
22:57:23.848 > 4889,72,95858274,95846092,8606.92,-65.09,-78.42,34.4,28.5775
22:57:23.901 > 4942,73,95858545,95846369,8595.49,-65.64,-79.38,34.4,28.5635
22:57:23.954 > 4995,74,95858297,95846112,8606.92,-64.86,-78.95,34.4,28.5822
22:57:24.008 > 5048,75,95858079,95845900,8593.51,-65.78,-77.95,34.4,28.5682
22:57:24.061 > 5101,76,95858375,95846195,8593.07,-65.41,-80.40,34.4,28.5728
22:57:24.113 > 5154,77,95858193,95846005,8606.12,-65.79,-82.10,34.4,28.5916
22:57:24.167 > 5207,78,95858526,95846332,8593.51,-66.16,-79.70,34.4,28.6057
22:57:24.219 > 5260,79,95858368,95846171,8594.24,-65.39,-80.18,34.4,28.6104
22:57:24.273 > 5313,80,95858219,95846035,8590.57,-66.28,-81.24,34.4,28.5822
22:57:24.325 > 5366,81,95858096,95845901,8594.97,-64.82,-78.70,34.4,28.6057
22:57:24.378 > 5419,82,95858488,95846303,8588.59,-67.04,-82.72,34.4,28.5822
22:57:24.432 > 5472,83,95858393,95846194,8589.99,-65.67,-78.47,34.4,28.6151
22:57:24.485 > 5525,84,95858310,95846114,8591.75,-67.65,-82.95,34.4,28.6104
22:57:24.538 > 5578,85,95858241,95846041,8588.74,-65.35,-79.96,34.4,28.6198
22:57:24.591 > 5631,86,95858186,95845988,8590.35,-67.44,-84.16,34.4,28.6151
22:57:24.643 > 5684,87,95858147,95845953,8596.00,-65.79,-77.95,34.4,28.6057
22:57:24.696 > 5737,88,95858118,95845922,8594.09,-66.91,-84.17,34.4,28.6104
22:57:24.749 > 5790,89,95858121,95845916,8591.75,-65.22,-79.56,34.4,28.6291
22:57:24.803 > 5843,90,95858124,95845917,8592.99,-65.91,-79.79,34.4,28.6338
22:57:24.856 > 5896,91,95858145,95845950,8595.63,-65.16,-78.01,34.4,28.6057
22:57:24.909 > 5949,92,95858180,95845970,8591.01,-65.35,-79.50,34.4,28.6432
22:57:24.962 > 6002,93,95858234,95846030,8594.39,-65.18,-78.99,34.4,28.6291
22:57:25.015 > 6055,94,95858295,95846089,8591.82,-66.39,-82.20,34.4,28.6338
22:57:25.068 > 6108,95,95858377,95846173,8596.29,-65.89,-82.52,34.4,28.6291
22:57:25.121 > 6161,96,95858470,95846268,8594.39,-66.16,-80.06,34.4,28.6245
22:57:25.174 > 6214,97,95858584,95846382,8592.77,-65.55,-78.23,34.4,28.6245
22:57:25.227 > 6267,98,95858194,95845998,8593.29,-65.37,-81.46,34.4,28.6104
22:57:25.280 > 6320,99,95858342,95846143,8588.30,-65.71,-78.77,34.4,28.6151
22:57:25.341 > 6373,100,95858496,95846284,8593.58,-65.67,-79.54,34.4,28.6479
22:57:25.386 > 6426,101,95858160,95845959,8587.94,-66.68,-80.33,34.4,28.6198
22:57:25.439 > 6479,102,95858336,95846131,8590.94,-67.17,-80.54,34.4,28.6291
22:57:25.492 > 6532,103,95858540,95846335,8593.36,-65.57,-78.59,34.4,28.6291
22:57:25.545 > 6585,104,95858242,95846034,8590.87,-66.24,-79.52,34.4,28.6385
22:57:25.598 > 6638,105,95858474,95846266,8590.35,-66.49,-78.83,34.4,28.6385
22:57:25.650 > 6691,106,95858198,95845990,8587.86,-66.79,-78.98,34.4,28.6385
22:57:25.703 > 6744,107,95858451,95846242,8571.51,-65.63,-77.66,34.4,28.6385
22:57:25.757 > 6797,108,95858213,95846002,8574.44,-66.41,-78.27,34.4,28.6432
22:57:25.810 > 6850,109,95858493,95846291,8573.93,-66.52,-81.37,34.4,28.6245
22:57:25.863 > 6903,110,95858288,95846074,8575.69,-66.84,-80.91,34.4,28.6526
22:57:25.916 > 6956,111,95858599,95846385,8574.88,-66.56,-79.77,34.4,28.6526
22:57:25.969 > 7009,112,95858404,95846194,8571.73,-66.64,-79.49,34.4,28.6432
22:57:26.022 > 7062,113,95858235,95846029,8574.00,-65.75,-79.09,34.4,28.6338
22:57:26.075 > 7115,114,95858581,95846369,8571.88,-66.77,-82.26,34.4,28.6479
22:57:26.127 > 7168,115,95858447,95846233,8569.09,-66.91,-81.28,34.4,28.6526
22:57:26.180 > 7221,116,95858308,95846088,8574.88,-66.09,-79.38,34.4,28.6667
22:57:26.233 > 7274,117,95858190,95845979,8570.12,-68.98,-84.21,34.4,28.6432
22:57:26.287 > 7327,118,95858594,95846387,8577.67,-66.30,-78.13,34.4,28.6338
22:57:26.350 > 7380,119,95858503,95846294,8570.41,-68.93,-84.67,34.4,28.6385
22:57:26.392 > 7433,120,95858425,95846215,8572.76,-68.63,-82.19,34.4,28.6432
22:57:26.446 > 7486,121,95858364,95846155,8574.44,-66.01,-79.42,34.4,28.6385
22:57:26.499 > 7539,122,95858312,95846101,8577.60,-67.92,-82.06,34.4,28.6432
22:57:26.552 > 7592,123,95858274,95846065,8570.71,-67.57,-79.68,34.4,28.6385
22:57:26.605 > 7645,124,95858250,95846032,8576.50,-66.43,-80.61,34.4,28.6620
22:57:26.657 > 7698,125,95858237,95846018,8568.73,-66.03,-79.52,34.4,28.6620
22:57:26.711 > 7751,126,95858241,95846018,8572.54,-66.45,-79.33,34.4,28.6714
22:57:26.764 > 7804,127,95858251,95846031,8576.79,-67.61,-83.73,34.4,28.6667
22:57:26.817 > 7857,128,95858282,95846065,8573.27,-66.48,-78.37,34.4,28.6573
22:57:26.869 > 7910,129,95858330,95846107,8571.51,-68.19,-81.08,34.4,28.6714
22:57:26.923 > 7963,130,95858381,95846166,8568.50,-68.09,-82.48,34.4,28.6526
22:57:26.976 > 8016,131,95858454,95846235,8572.83,-66.39,-80.17,34.4,28.6620
22:57:27.028 > 8069,132,95858539,95846320,8573.86,-67.09,-79.13,34.4,28.6620
22:57:27.082 > 8122,133,95858119,95845893,8568.58,-66.30,-80.29,34.4,28.6808
22:57:27.134 > 8175,134,95858217,95846008,8575.84,-66.18,-78.69,34.4,28.6385
22:57:27.188 > 8228,135,95858338,95846123,8570.63,-66.41,-77.93,34.4,28.6526
22:57:27.241 > 8281,136,95858467,95846246,8577.01,-67.00,-79.09,34.4,28.6667
22:57:27.294 > 8334,137,95858619,95846396,8572.46,-66.60,-79.89,34.4,28.6714
22:57:27.346 > 8387,138,95858257,95846047,8573.49,-65.91,-79.92,34.4,28.6432
22:57:27.399 > 8440,139,95858429,95846208,8558.75,-65.45,-79.35,34.4,28.6667
22:57:27.453 > 8493,140,95858613,95846386,8568.58,-65.72,-78.72,34.4,28.6808
22:57:27.506 > 8546,141,95858297,95846077,8570.63,-65.79,-79.05,34.4,28.6667
22:57:27.559 > 8599,142,95858506,95846281,8573.78,-68.18,-82.39,34.4,28.6761
22:57:27.612 > 8652,143,95858212,95845989,8572.39,-66.22,-77.96,34.4,28.6714
22:57:27.664 > 8705,144,95858439,95846221,8570.63,-68.21,-83.02,34.4,28.6620
22:57:27.717 > 8758,145,95858178,95845957,8570.49,-65.95,-79.00,34.4,28.6667
22:57:27.771 > 8811,146,95858433,95846205,8572.32,-66.09,-79.22,34.4,28.6854
22:57:27.824 > 8864,147,95858183,95845959,8555.09,-67.32,-82.64,34.4,28.6761
22:57:27.877 > 8917,148,95858466,95846241,8553.99,-66.33,-78.09,34.4,28.6761
22:57:27.929 > 8970,149,95858248,95846028,8551.79,-66.79,-81.78,34.4,28.6667
22:57:27.982 > 9023,150,95858551,95846325,8551.50,-66.82,-79.06,34.4,28.6808
22:57:28.036 > 9076,151,95858369,95846137,8555.97,-66.34,-79.76,34.4,28.6948
22:57:28.089 > 9129,152,95858177,95845957,8569.53,-66.12,-79.11,34.4,28.6667
22:57:28.141 > 9182,153,95858521,95846304,8555.67,-66.51,-77.60,34.4,28.6573
22:57:28.195 > 9235,154,95858360,95846135,8553.92,-66.43,-78.79,34.4,28.6761
22:57:28.248 > 9288,155,95858218,95845994,8551.57,-66.28,-77.95,34.4,28.6761
22:57:28.301 > 9341,156,95858590,95846372,8556.70,-66.48,-78.07,34.4,28.6620
22:57:28.353 > 9394,157,95858481,95846251,8550.18,-66.64,-79.30,34.4,28.6901
22:57:28.406 > 9447,158,95858372,95846144,8549.96,-68.06,-81.80,34.4,28.6854
22:57:28.459 > 9500,159,95858271,95846046,8553.69,-66.39,-78.26,34.4,28.6761
22:57:28.513 > 9553,160,95858190,95845966,8551.57,-66.14,-79.57,34.4,28.6761
22:57:28.566 > 9606,161,95858122,95845894,8554.28,-66.37,-80.12,34.4,28.6854
22:57:28.618 > 9659,162,95858579,95846343,8550.91,-67.97,-81.90,34.4,28.7042
22:57:28.672 > 9712,163,95858531,95846294,8549.88,-67.14,-78.95,34.4,28.7042
22:57:28.724 > 9765,164,95858495,95846261,8553.04,-67.00,-79.65,34.4,28.6995
22:57:28.778 > 9818,165,95858472,95846230,8552.89,-66.32,-78.34,34.4,28.7183
22:57:28.831 > 9871,166,95858453,95846227,8555.82,-68.35,-85.00,34.4,28.6808
22:57:28.883 > 9924,167,95858453,95846226,8552.45,-66.37,-81.67,34.4,28.6808
22:57:28.936 > 9977,168,95858466,95846241,8551.13,-68.40,-80.99,34.4,28.6761
22:57:28.990 > 10030,169,95858500,95846257,8555.60,-65.93,-79.66,34.4,28.7183
22:57:29.043 > 10083,170,95858525,95846306,8556.33,-66.35,-81.59,34.4,28.6620
22:57:29.096 > 10136,171,95858579,95846356,8554.21,-66.90,-81.68,34.4,28.6714
22:57:29.148 > 10189,172,95858127,95845898,8549.74,-66.52,-79.65,34.4,28.6854
22:57:29.202 > 10242,173,95858200,95845968,8555.97,-67.43,-79.78,34.4,28.6948
22:57:29.254 > 10295,174,95858287,95846052,8540.20,-66.48,-77.96,34.4,28.6995
22:57:29.322 > 10348,175,95858386,95846152,8539.32,-67.57,-83.43,34.4,28.6995
22:57:29.360 > 10401,176,95858487,95846250,8553.62,-67.18,-80.31,34.4,28.7042
22:57:29.413 > 10454,177,95858610,95846373,8553.99,-67.03,-79.71,34.4,28.7042
22:57:29.467 > 10507,178,95858219,95845988,8555.01,-67.59,-80.21,34.4,28.6901
22:57:29.520 > 10560,179,95858362,95846129,8556.55,-66.24,-78.54,34.4,28.6948
22:57:29.573 > 10613,180,95858509,95846282,8553.69,-66.54,-79.47,34.4,28.6808
22:57:29.625 > 10666,181,95858163,95845922,8535.22,-67.61,-81.29,34.4,28.7136
22:57:29.678 > 10719,182,95858327,95846094,8551.93,-67.78,-84.99,34.4,28.6948
22:57:29.732 > 10772,183,95858513,95846286,8551.05,-67.77,-85.11,34.4,28.6808
22:57:29.784 > 10825,184,95858190,95845965,8554.94,-66.63,-81.58,34.4,28.6761
22:57:29.838 > 10878,185,95858403,95846177,8550.10,-67.77,-81.23,34.4,28.6808
22:57:29.890 > 10931,186,95858618,95846390,8553.40,-67.87,-81.63,34.4,28.6854
22:57:29.943 > 10984,187,95858336,95846103,8539.98,-66.18,-78.64,34.4,28.6948
22:57:29.996 > 11037,188,95858576,95846348,8536.76,-67.08,-82.27,34.4,28.6854
22:57:30.050 > 11090,189,95858320,95846077,8539.32,-67.07,-82.27,34.4,28.7183
22:57:30.102 > 11143,190,95858571,95846331,8552.01,-68.07,-83.69,34.4,28.7136
22:57:30.155 > 11196,191,95858335,95846104,8552.96,-66.32,-78.03,34.4,28.6901
22:57:30.208 > 11249,192,95858621,95846378,8555.09,-66.84,-80.14,34.4,28.7183
22:57:30.261 > 11302,193,95858402,95846161,8531.41,-66.18,-77.71,34.4,28.7136
22:57:30.314 > 11355,194,95858185,95845954,8539.98,-67.26,-81.44,34.4,28.6901
22:57:30.372 > 11408,195,95858506,95846282,8539.91,-65.66,-79.69,34.4,28.6761
22:57:30.420 > 11461,196,95858310,95846077,8551.28,-65.95,-80.65,34.4,28.6948
22:57:30.474 > 11514,197,95858148,95845914,8539.47,-66.86,-79.11,34.4,28.6995
22:57:30.526 > 11567,198,95858492,95846245,8535.51,-67.62,-80.63,34.4,28.7277
22:57:30.580 > 11620,199,95858346,95846101,8540.13,-67.73,-80.59,34.4,28.7230
22:57:30.633 > 11673,200,95858187,95845955,8532.87,-66.22,-81.09,34.4,28.6948
22:57:30.685 > 11726,201,95858574,95846347,8539.62,-67.23,-82.95,34.4,28.6808
22:57:30.739 > 11779,202,95858447,95846219,8531.55,-66.05,-81.26,34.4,28.6854
22:57:30.791 > 11832,203,95858358,95846112,8537.34,-65.91,-78.17,34.4,28.7277
22:57:30.845 > 11885,204,95858246,95846009,8531.04,-67.67,-82.12,34.4,28.7042
22:57:30.898 > 11938,205,95858162,95845926,8532.21,-65.87,-78.62,34.4,28.7042
22:57:30.951 > 11991,206,95858594,95846362,8536.68,-67.16,-79.40,34.4,28.6948
22:57:31.004 > 12044,207,95858529,95846293,8534.92,-65.85,-77.63,34.4,28.7042
22:57:31.057 > 12097,208,95858475,95846235,8536.46,-66.14,-77.88,34.4,28.7136
22:57:31.109 > 12150,209,95858429,95846187,8538.15,-65.99,-78.66,34.4,28.7183
22:57:31.162 > 12203,210,95858390,95846158,8532.29,-66.82,-81.46,34.4,28.6948
22:57:31.215 > 12256,211,95858373,95846130,8530.97,-66.47,-80.17,34.4,28.7183
22:57:31.268 > 12309,212,95858361,95846124,8537.34,-66.12,-78.63,34.4,28.7042
22:57:31.322 > 12362,213,95858354,95846121,8537.93,-66.10,-78.46,34.4,28.6948
22:57:31.374 > 12415,214,95858363,95846120,8532.95,-67.41,-80.13,34.4,28.7183
22:57:31.427 > 12468,215,95858380,95846144,8531.92,-66.12,-80.10,34.4,28.7042
22:57:31.480 > 12521,216,95858412,95846170,8533.31,-67.18,-79.51,34.4,28.7183
22:57:31.534 > 12574,217,95858445,95846207,8521.43,-68.17,-84.99,34.4,28.7089
22:57:31.587 > 12627,218,95858498,95846254,8534.78,-68.21,-82.96,34.4,28.7230
22:57:31.639 > 12680,219,95858565,95846312,8532.50,-66.08,-79.68,34.4,28.7417
22:57:31.692 > 12733,220,95858634,95846385,8538.66,-67.68,-81.62,34.4,28.7324
22:57:31.745 > 12786,221,95858199,95845946,8520.19,-68.03,-84.97,34.4,28.7417
22:57:31.798 > 12839,222,95858294,95846044,8539.25,-67.80,-81.04,34.4,28.7371
22:57:31.851 > 12892,223,95858397,95846151,8538.37,-66.05,-77.87,34.4,28.7277
22:57:31.905 > 12945,224,95858508,95846259,8531.62,-68.06,-82.70,34.4,28.7324
22:57:31.958 > 12998,225,95858610,95846354,8539.98,-66.22,-79.09,34.4,28.7511
22:57:32.010 > 13051,226,95858238,95845987,8534.56,-66.24,-79.36,34.4,28.7371
22:57:32.063 > 13104,227,95858385,95846137,8532.14,-68.19,-82.08,34.4,28.7324
22:57:32.116 > 13157,228,95858536,95846291,8520.92,-66.45,-78.14,34.4,28.7230
22:57:32.169 > 13210,229,95858189,95845946,8531.04,-66.03,-79.35,34.4,28.7183
22:57:32.222 > 13263,230,95858365,95846114,8532.80,-66.93,-79.86,34.4,28.7371
22:57:32.276 > 13316,231,95858544,95846300,8517.55,-66.22,-78.57,34.4,28.7230
22:57:32.328 > 13369,232,95858229,95845985,8534.63,-65.79,-78.65,34.4,28.7230
22:57:32.381 > 13422,233,95858435,95846183,8531.77,-65.63,-79.10,34.4,28.7417
22:57:32.434 > 13475,234,95858148,95845892,8531.26,-65.95,-80.30,34.4,28.7511
22:57:32.487 > 13528,235,95858367,95846120,8531.41,-67.93,-81.87,34.4,28.7277
22:57:32.540 > 13581,236,95858599,95846357,8531.85,-65.67,-78.40,34.4,28.7183
22:57:32.593 > 13634,237,95858334,95846093,8519.45,-66.73,-79.05,34.4,28.7136
22:57:32.646 > 13687,238,95858602,95846342,8519.45,-65.87,-77.99,34.4,28.7605
22:57:32.699 > 13740,239,95858355,95846109,8531.26,-65.93,-78.86,34.4,28.7277
22:57:32.752 > 13793,240,95858630,95846383,8518.06,-65.67,-79.45,34.4,28.7277
22:57:32.805 > 13846,241,95858407,95846162,8518.06,-66.14,-77.69,34.4,28.7230
22:57:32.858 > 13899,242,95858198,95845945,8521.21,-67.46,-82.05,34.4,28.7417
22:57:32.913 > 13952,243,95858501,95846256,8518.94,-67.81,-82.54,34.4,28.7230
22:57:32.964 > 14005,244,95858317,95846065,8515.50,-65.65,-79.41,34.4,28.7417
22:57:33.017 > 14058,245,95858642,95846395,8517.91,-67.28,-82.02,34.4,28.7277
22:57:33.070 > 14111,246,95858463,95846227,8519.97,-68.16,-81.25,34.4,28.7042
22:57:33.124 > 14164,247,95858307,95846053,8515.64,-66.14,-79.95,34.4,28.7464
22:57:33.176 > 14217,248,95858155,95845906,8513.88,-68.31,-81.47,34.4,28.7324
22:57:33.229 > 14270,249,95858521,95846271,8521.29,-67.76,-83.36,34.4,28.7371
22:57:33.282 > 14323,250,95858394,95846129,8513.81,-65.91,-79.72,34.4,28.7699
22:57:33.340 > 14376,251,95858265,95846021,8512.42,-66.43,-79.65,34.4,28.7230
22:57:33.388 > 14429,252,95858148,95845905,8519.23,-66.22,-78.07,34.4,28.7183
22:57:33.441 > 14482,253,95858560,95846306,8512.49,-65.85,-78.78,34.4,28.7464
22:57:33.494 > 14535,254,95858469,95846215,8520.19,-66.30,-80.29,34.4,28.7464
22:57:33.547 > 14588,255,95858383,95846128,8516.30,-68.60,-82.91,34.4,28.7464
22:57:33.600 > 14641,256,95858304,95846052,8516.30,-68.41,-81.76,34.4,28.7417
22:57:33.653 > 14694,257,95858238,95845980,8518.79,-65.85,-78.59,34.4,28.7558
22:57:33.706 > 14747,258,95858177,95845926,8520.33,-68.60,-82.87,34.4,28.7371
22:57:33.759 > 14800,259,95858648,95846392,8516.89,-66.45,-80.24,34.4,28.7511
22:57:33.813 > 14853,260,95858605,95846359,8513.15,-68.70,-81.56,34.4,28.7277
22:57:33.865 > 14906,261,95858578,95846316,8516.96,-67.13,-80.66,34.4,28.7652
22:57:33.919 > 14959,262,95858561,95846314,8517.33,-66.49,-79.34,34.4,28.7277
22:57:33.971 > 15012,263,95858548,95846293,8517.84,-66.03,-78.66,34.4,28.7464
22:57:34.024 > 15065,264,95858556,95846294,8512.71,-66.54,-78.81,34.4,28.7652
22:57:34.077 > 15118,265,95858560,95846305,8514.10,-66.20,-78.76,34.4,28.7464
22:57:34.130 > 15171,266,95858579,95846322,8521.43,-66.09,-80.35,34.4,28.7511
22:57:34.183 > 15224,267,95858612,95846353,8518.28,-67.94,-80.69,34.4,28.7558
22:57:34.236 > 15277,268,95858652,95846385,8517.91,-66.24,-79.93,34.4,28.7746
22:57:34.289 > 15330,269,95858178,95845926,8518.72,-66.41,-79.52,34.4,28.7417
22:57:34.348 > 15383,270,95858228,95845975,8519.60,-66.18,-79.04,34.4,28.7417
22:57:34.395 > 15436,271,95858292,95846037,8516.67,-65.99,-79.18,34.4,28.7464
22:57:34.448 > 15489,272,95858369,95846120,8515.42,-68.70,-82.72,34.4,28.7324
22:57:34.501 > 15542,273,95858459,95846205,8519.53,-65.85,-80.00,34.4,28.7464
22:57:34.554 > 15595,274,95858555,95846299,8512.56,-66.84,-79.31,34.4,28.7511
22:57:34.607 > 15648,275,95858657,95846388,8516.30,-66.03,-80.12,34.4,28.7793
22:57:34.660 > 15701,276,95858255,95846001,8502.37,-67.88,-81.94,34.4,28.7464
22:57:34.713 > 15754,277,95858369,95846116,8519.09,-66.03,-79.38,34.4,28.7417
22:57:34.766 > 15807,278,95858498,95846237,8514.62,-65.45,-78.95,34.4,28.7605
22:57:34.819 > 15860,279,95858637,95846379,8513.88,-68.41,-83.18,34.4,28.7558
22:57:34.872 > 15913,280,95858267,95846018,8519.97,-65.35,-77.51,34.4,28.7324
22:57:34.925 > 15966,281,95858431,95846179,8513.29,-66.07,-79.48,34.4,28.7417
22:57:34.978 > 16019,282,95858599,95846341,8518.28,-65.49,-77.74,34.4,28.7558
22:57:35.031 > 16072,283,95858266,95845996,8517.03,-65.43,-79.99,34.4,28.7840
22:57:35.084 > 16125,284,95858449,95846195,8517.33,-65.25,-79.75,34.4,28.7464
22:57:35.137 > 16178,285,95858641,95846386,8501.86,-67.15,-82.32,34.4,28.7464
22:57:35.190 > 16231,286,95858339,95846079,8501.12,-65.17,-80.72,34.4,28.7605
22:57:35.243 > 16284,287,95858556,95846299,8512.71,-65.95,-79.30,34.4,28.7511
22:57:35.296 > 16337,288,95858273,95846002,8499.80,-63.87,-80.36,34.4,28.7840
22:57:35.349 > 16390,289,95858496,95846239,8495.62,-67.53,-80.98,34.4,28.7511
22:57:35.402 > 16443,290,95858214,95845948,8499.80,-65.33,-79.66,34.4,28.7746
22:57:35.455 > 16496,291,95858484,95846226,8515.13,-66.06,-79.47,34.4,28.7558
22:57:35.508 > 16549,292,95858227,95845969,8513.52,-65.90,-79.33,34.4,28.7558
22:57:35.561 > 16602,293,95858492,95846243,8496.29,-67.11,-80.54,34.4,28.7324
22:57:35.614 > 16655,294,95858257,95845992,8497.90,-65.82,-79.39,34.4,28.7699
22:57:35.667 > 16708,295,95858545,95846279,8499.29,-65.21,-77.95,34.4,28.7746
22:57:35.720 > 16761,296,95858322,95846067,8502.30,-65.44,-79.58,34.4,28.7464
22:57:35.773 > 16814,297,95858617,95846359,8498.78,-68.06,-82.37,34.4,28.7558
22:57:35.826 > 16867,298,95858418,95846154,8495.48,-65.74,-78.94,34.4,28.7699
22:57:35.879 > 16920,299,95858225,95845970,8497.02,-65.72,-78.38,34.4,28.7464
22:57:35.932 > 16973,300,95858550,95846291,8498.41,-66.92,-79.85,34.4,28.7558
22:57:35.985 > 17026,301,95858373,95846108,8500.17,-65.50,-79.27,34.4,28.7699
22:57:36.038 > 17079,302,95858203,95845927,8513.52,-65.88,-80.77,34.4,28.7980
22:57:36.091 > 17132,303,95858551,95846292,8495.48,-68.37,-82.40,34.4,28.7558
22:57:36.144 > 17185,304,95858400,95846131,8500.61,-66.16,-78.36,34.4,28.7793
22:57:36.197 > 17238,305,95858264,95845986,8500.24,-66.39,-79.57,34.4,28.8027
22:57:36.250 > 17291,306,95858641,95846370,8497.60,-66.47,-79.96,34.4,28.7840
22:57:36.303 > 17344,307,95858512,95846242,8495.41,-68.34,-84.06,34.4,28.7840
22:57:36.371 > 17397,308,95858402,95846138,8502.52,-65.72,-77.78,34.4,28.7699
22:57:36.409 > 17450,309,95858294,95846036,8495.55,-67.62,-81.06,34.4,28.7558
22:57:36.462 > 17503,310,95858213,95845932,8499.07,-66.56,-83.83,34.4,28.8074
22:57:36.515 > 17556,311,95858637,95846368,8501.27,-65.83,-79.20,34.4,28.7793
22:57:36.568 > 17609,312,95858558,95846285,8502.15,-66.12,-78.85,34.4,28.7887
22:57:36.621 > 17662,313,95858487,95846223,8501.56,-65.78,-78.80,34.4,28.7699
22:57:36.674 > 17715,314,95858424,95846166,8497.24,-67.26,-80.59,34.4,28.7558
22:57:36.727 > 17768,315,95858383,95846109,8499.00,-66.00,-79.82,34.4,28.7934
22:57:36.780 > 17821,316,95858339,95846070,8494.09,-66.37,-78.56,34.4,28.7793
22:57:36.833 > 17874,317,95858309,95846044,8499.00,-66.18,-79.49,34.4,28.7699
22:57:36.886 > 17927,318,95858291,95846015,8498.26,-65.82,-78.29,34.4,28.7980
22:57:36.939 > 17980,319,95858285,95846014,8494.67,-67.11,-79.30,34.4,28.7840
22:57:36.992 > 18033,320,95858274,95846009,8501.42,-66.53,-78.72,34.4,28.7699
22:57:37.045 > 18086,321,95858288,95846016,8501.78,-65.80,-78.41,34.4,28.7887
22:57:37.098 > 18139,322,95858297,95846035,8497.68,-68.25,-82.37,34.4,28.7652
22:57:37.151 > 18192,323,95858331,95846054,8495.62,-66.24,-80.34,34.4,28.7980
22:57:37.204 > 18245,324,95858342,95846070,8493.43,-68.22,-84.44,34.4,28.7887
22:57:37.257 > 18298,325,95858404,95846131,8500.83,-68.15,-81.49,34.4,28.7887
22:57:37.322 > 18351,326,95858458,95846189,8494.38,-66.94,-82.13,34.4,28.7793
22:57:37.363 > 18404,327,95858526,95846251,8502.37,-65.76,-80.32,34.4,28.7934
22:57:37.416 > 18457,328,95858592,95846321,8494.97,-67.83,-80.70,34.4,28.7840
22:57:37.469 > 18510,329,95858163,95845893,8499.00,-65.64,-78.50,34.4,28.7840
22:57:37.522 > 18563,330,95858247,95845980,8497.24,-65.44,-79.55,34.4,28.7746
22:57:37.575 > 18616,331,95858349,95846061,8496.95,-65.66,-78.30,34.4,28.8262
22:57:37.628 > 18669,332,95858452,95846178,8498.56,-66.39,-80.85,34.4,28.7934
22:57:37.681 > 18722,333,95858557,95846281,8500.24,-65.80,-80.09,34.4,28.7980
22:57:37.734 > 18775,334,95858170,95845909,8497.17,-65.15,-78.79,34.4,28.7605
22:57:37.787 > 18828,335,95858309,95846040,8498.12,-67.40,-80.89,34.4,28.7793
22:57:37.840 > 18881,336,95858456,95846187,8498.12,-65.72,-79.46,34.4,28.7793
22:57:37.893 > 18934,337,95858606,95846323,8481.84,-66.41,-78.81,34.4,28.8121
22:57:37.946 > 18987,338,95858247,95845978,8495.04,-67.53,-81.17,34.4,28.7793
22:57:37.999 > 19040,339,95858417,95846132,8494.89,-65.68,-78.89,34.4,28.8168
22:57:38.052 > 19093,340,95858587,95846316,8483.60,-66.37,-77.99,34.4,28.7840
22:57:38.105 > 19146,341,95858262,95845986,8495.11,-68.46,-83.72,34.4,28.7980
22:57:38.158 > 19199,342,95858455,95846185,8480.45,-65.91,-79.45,34.4,28.7840
22:57:38.211 > 19252,343,95858656,95846380,8497.90,-66.01,-77.62,34.4,28.7980
22:57:38.264 > 19305,344,95858348,95846070,8480.52,-65.74,-77.86,34.4,28.8027
22:57:38.317 > 19358,345,95858563,95846294,8494.75,-65.96,-79.22,34.4,28.7793
22:57:38.371 > 19411,346,95858275,95846002,8478.54,-65.83,-78.03,34.4,28.7887
22:57:38.423 > 19464,347,95858511,95846237,8494.67,-66.79,-81.18,34.4,28.7934
22:57:38.476 > 19517,348,95858243,95845966,8483.01,-66.92,-80.02,34.4,28.7980
22:57:38.529 > 19570,349,95858490,95846213,8478.62,-65.86,-79.05,34.4,28.7980
22:57:38.582 > 19623,350,95858240,95845964,8494.31,-66.00,-78.75,34.4,28.7980
22:57:38.635 > 19676,351,95858514,95846234,8481.18,-67.07,-80.84,34.4,28.8074
22:57:38.688 > 19729,352,95858270,95845991,8479.71,-66.18,-77.25,34.4,28.8027
22:57:38.741 > 19782,353,95858554,95846277,8478.76,-65.74,-78.88,34.4,28.7980
22:57:38.794 > 19835,354,95858339,95846060,8477.59,-66.85,-82.36,34.4,28.8027
22:57:38.847 > 19888,355,95858632,95846358,8481.62,-66.18,-80.00,34.4,28.7934
22:57:38.900 > 19941,356,95858434,95846151,8478.25,-66.62,-79.65,34.4,28.8121
22:57:38.953 > 19994,357,95858233,95845964,8483.89,-67.62,-81.10,34.4,28.7793
22:57:39.006 > 20047,358,95858564,95846284,8482.13,-66.02,-79.32,34.4,28.8074
22:57:39.059 > 20100,359,95858380,95846110,8475.54,-65.62,-79.91,34.4,28.7840
22:57:39.112 > 20153,360,95858209,95845930,8481.91,-66.08,-77.86,34.4,28.8027
22:57:39.165 > 20206,361,95858564,95846284,8478.98,-66.92,-80.06,34.4,28.8074
22:57:39.218 > 20259,362,95858403,95846128,8478.98,-68.68,-81.42,34.4,28.7934
22:57:39.271 > 20312,363,95858266,95845976,8476.49,-66.79,-80.08,34.4,28.8309
22:57:39.324 > 20365,364,95858631,95846348,8483.82,-65.92,-79.45,34.4,28.8121
22:57:39.377 > 20418,365,95858500,95846229,8482.43,-66.20,-79.59,34.4,28.7840
22:57:39.430 > 20471,366,95858386,95846101,8479.42,-68.63,-83.55,34.4,28.8168
22:57:39.483 > 20524,367,95858272,95845988,8482.50,-66.34,-81.37,34.4,28.8168
22:57:39.536 > 20577,368,95858675,95846396,8474.73,-65.99,-77.82,34.4,28.8027
22:57:39.589 > 20630,369,95858577,95846306,8477.44,-66.89,-81.83,34.4,28.7840
22:57:39.642 > 20683,370,95858491,95846199,8482.06,-68.34,-81.82,34.4,28.8356
22:57:39.695 > 20736,371,95858402,95846123,8476.34,-65.92,-77.50,34.4,28.8027
22:57:39.748 > 20789,372,95858337,95846054,8481.69,-66.98,-79.31,34.4,28.8121
22:57:39.801 > 20842,373,95858280,95845996,8482.79,-65.83,-77.44,34.4,28.8168
22:57:39.854 > 20895,374,95858220,95845937,8478.54,-65.99,-78.37,34.4,28.8121
22:57:39.907 > 20948,375,95858173,95845897,8475.98,-66.93,-79.83,34.4,28.7980
22:57:39.960 > 21001,376,95858640,95846361,8477.66,-67.76,-81.95,34.4,28.8027
22:57:40.013 > 21054,377,95858614,95846323,8479.79,-66.94,-79.08,34.4,28.8309
22:57:40.066 > 21107,378,95858587,95846297,8480.23,-67.28,-82.42,34.4,28.8309
22:57:40.119 > 21160,379,95858564,95846279,8477.22,-66.08,-79.24,34.4,28.8168
22:57:40.172 > 21213,380,95858559,95846274,8480.38,-65.74,-78.98,34.4,28.8168
22:57:40.225 > 21266,381,95858543,95846257,8483.09,-67.10,-79.02,34.4,28.8215
22:57:40.278 > 21319,382,95858564,95846281,8483.09,-67.09,-80.58,34.4,28.8121
22:57:40.331 > 21372,383,95858588,95846299,8477.44,-67.62,-82.26,34.4,28.8262
22:57:40.384 > 21425,384,95858606,95846319,8483.31,-66.37,-78.83,34.4,28.8215
22:57:40.437 > 21478,385,95858636,95846358,8478.10,-68.26,-82.98,34.4,28.8027
22:57:40.490 > 21531,386,95858682,95846387,8477.88,-67.35,-80.10,34.4,28.8403
22:57:40.543 > 21584,387,95858214,95845935,8480.15,-66.62,-78.32,34.4,28.8027
22:57:40.596 > 21637,388,95858266,95845989,8480.59,-66.88,-79.18,34.4,28.7980
22:57:40.649 > 21690,389,95858341,95846048,8483.16,-65.55,-81.57,34.4,28.8356
22:57:40.702 > 21743,390,95858405,95846120,8475.90,-66.14,-78.48,34.4,28.8168
22:57:40.755 > 21796,391,95858493,95846204,8474.73,-65.81,-78.91,34.4,28.8262
22:57:40.808 > 21849,392,95858580,95846293,8477.59,-66.92,-81.44,34.4,28.8215
22:57:40.861 > 21902,393,95858668,95846381,8477.37,-68.75,-81.29,34.4,28.8215
22:57:40.914 > 21955,394,95858268,95845980,8475.10,-66.79,-81.65,34.4,28.8262
22:57:40.967 > 22008,395,95858376,95846082,8464.46,-66.09,-78.83,34.4,28.8403
22:57:41.020 > 22061,396,95858499,95846205,8476.12,-68.56,-82.22,34.4,28.8403
22:57:41.073 > 22114,397,95858622,95846332,8477.00,-66.75,-79.44,34.4,28.8309
22:57:41.126 > 22167,398,95858243,95845955,8460.65,-65.80,-79.07,34.4,28.8262
22:57:41.179 > 22220,399,95858391,95846094,8476.27,-65.69,-79.17,34.4,28.8450
22:57:41.232 > 22273,400,95858541,95846253,8475.61,-66.14,-78.61,34.4,28.8262
22:57:41.285 > 22326,401,95858187,95845899,8461.68,-68.45,-82.68,34.4,28.8262
22:57:41.343 > 22379,402,95858353,95846059,8463.07,-65.54,-78.13,34.4,28.8403
22:57:41.391 > 22432,403,95858535,95846243,8480.52,-66.32,-82.17,34.4,28.8356
22:57:41.444 > 22485,404,95858209,95845914,8475.90,-65.90,-79.63,34.4,28.8403
22:57:41.497 > 22538,405,95858392,95846103,8462.34,-65.81,-80.13,34.4,28.8262
22:57:41.550 > 22591,406,95858592,95846299,8464.76,-66.32,-81.35,34.4,28.8356
22:57:41.603 > 22644,407,95858283,95845994,8476.64,-66.43,-78.81,34.4,28.8262
22:57:41.656 > 22697,408,95858499,95846214,8476.71,-65.40,-78.88,34.4,28.8168
22:57:41.709 > 22750,409,95858211,95845918,8460.21,-65.71,-81.60,34.4,28.8356
22:57:41.762 > 22803,410,95858447,95846158,8457.72,-65.25,-79.23,34.4,28.8262
22:57:41.815 > 22856,411,95858684,95846383,8476.56,-65.35,-78.27,34.4,28.8543
22:57:41.868 > 22909,412,95858416,95846127,8464.02,-67.83,-81.66,34.4,28.8262
22:57:41.921 > 22962,413,95858670,95846380,8464.83,-67.90,-81.17,34.4,28.8309
22:57:41.974 > 23015,414,95858436,95846124,8463.58,-72.06,-81.76,34.4,28.8825
22:57:42.027 > 23068,415,95858687,95846397,8461.60,-67.81,-82.42,34.4,28.8309
22:57:42.080 > 23121,416,95858461,95846164,8459.04,-65.11,-80.12,34.4,28.8450
22:57:42.133 > 23174,417,95858227,95845929,8474.88,-65.21,-78.18,34.4,28.8497
22:57:42.186 > 23227,418,95858526,95846236,8459.19,-65.04,-80.73,34.4,28.8309
22:57:42.239 > 23280,419,95858318,95846020,8459.99,-67.58,-81.91,34.4,28.8497
22:57:42.292 > 23333,420,95858626,95846341,8459.33,-65.80,-79.43,34.4,28.8168
22:57:42.353 > 23386,421,95858428,95846137,8458.16,-65.05,-78.28,34.4,28.8309
22:57:42.398 > 23439,422,95858241,95845944,8461.82,-66.06,-80.32,34.4,28.8450
22:57:42.451 > 23492,423,95858571,95846282,8464.98,-65.19,-79.35,34.4,28.8262
22:57:42.504 > 23545,424,95858399,95846109,8455.89,-67.67,-81.12,34.4,28.8309
22:57:42.557 > 23598,425,95858237,95845936,8461.82,-66.88,-80.33,34.4,28.8543
22:57:42.610 > 23651,426,95858595,95846305,8456.25,-65.80,-78.20,34.4,28.8309
22:57:42.663 > 23704,427,95858443,95846156,8458.45,-65.11,-79.64,34.4,28.8215
22:57:42.716 > 23757,428,95858305,95846014,8456.18,-67.18,-82.25,34.4,28.8309
22:57:42.769 > 23810,429,95858686,95846377,8457.13,-64.84,-78.43,34.4,28.8731
22:57:42.822 > 23863,430,95858561,95846264,8456.62,-65.58,-78.96,34.4,28.8450
22:57:42.875 > 23916,431,95858451,95846145,8461.60,-65.83,-78.93,34.4,28.8684
22:57:42.928 > 23969,432,95858325,95846046,8458.82,-66.43,-81.63,34.4,28.8027
22:57:42.981 > 24022,433,95858235,95845941,8475.90,-67.76,-80.66,34.4,28.8403
22:57:43.034 > 24075,434,95858652,95846354,8457.79,-65.44,-81.36,34.4,28.8497
22:57:43.087 > 24128,435,95858565,95846271,8464.17,-66.35,-78.65,34.4,28.8403
22:57:43.140 > 24181,436,95858492,95846189,8456.47,-65.80,-78.44,34.4,28.8590
22:57:43.193 > 24234,437,95858415,95846126,8459.62,-67.10,-80.17,34.4,28.8262
22:57:43.246 > 24287,438,95858336,95846040,8459.33,-66.59,-81.02,34.4,28.8450
22:57:43.299 > 24340,439,95858302,95846002,8464.61,-66.41,-78.79,34.4,28.8543
22:57:43.352 > 24393,440,95858243,95845958,8462.63,-65.76,-79.75,34.4,28.8168
22:57:43.405 > 24446,441,95858214,95845919,8464.24,-65.79,-77.23,34.4,28.8403
22:57:43.458 > 24499,442,95858692,95846394,8464.90,-66.28,-79.25,34.4,28.8497
22:57:43.511 > 24552,443,95858666,95846365,8464.61,-65.75,-77.41,34.4,28.8543
22:57:43.564 > 24605,444,95858639,95846351,8463.80,-66.39,-81.41,34.4,28.8262
22:57:43.617 > 24658,445,95858632,95846340,8457.43,-65.53,-79.43,34.4,28.8356
22:57:43.670 > 24711,446,95858629,95846336,8457.72,-65.90,-79.18,34.4,28.8356
22:57:43.723 > 24764,447,95858632,95846339,8462.26,-65.87,-79.65,34.4,28.8356
22:57:43.776 > 24817,448,95858642,95846342,8461.17,-67.20,-82.99,34.4,28.8543
22:57:43.829 > 24870,449,95858656,95846359,8463.29,-65.57,-80.91,34.4,28.8450
22:57:43.882 > 24923,450,95858686,95846382,8458.82,-65.52,-78.72,34.4,28.8637
22:57:43.935 > 24976,451,95858195,95845905,8458.82,-67.97,-84.42,34.4,28.8309
22:57:43.988 > 25029,452,95858237,95845941,8459.92,-65.48,-79.51,34.4,28.8450
22:57:44.041 > 25082,453,95858293,95845991,8458.31,-65.81,-78.07,34.4,28.8590
22:57:44.094 > 25135,454,95858343,95846040,8460.07,-65.90,-77.37,34.4,28.8590
22:57:44.147 > 25188,455,95858398,95846104,8459.26,-66.86,-82.77,34.4,28.8403
22:57:44.200 > 25241,456,95858462,95846166,8456.33,-66.34,-77.88,34.4,28.8450
22:57:44.253 > 25294,457,95858541,95846243,8458.38,-66.09,-78.17,34.4,28.8497
22:57:44.306 > 25347,458,95858614,95846316,8457.28,-66.96,-79.75,34.4,28.8497
22:57:44.373 > 25400,459,95858203,95845897,8460.65,-67.24,-81.04,34.4,28.8684
22:57:44.412 > 25453,460,95858295,95845997,8446.21,-66.49,-77.86,34.4,28.8497
22:57:44.465 > 25506,461,95858390,95846087,8456.33,-66.67,-80.97,34.4,28.8590
22:57:44.518 > 25559,462,95858497,95846211,8443.93,-66.53,-79.54,34.4,28.8215
22:57:44.571 > 25612,463,95858619,95846325,8460.80,-67.97,-81.09,34.4,28.8403
22:57:44.624 > 25665,464,95858233,95845944,8441.29,-68.55,-82.08,34.4,28.8262
22:57:44.677 > 25718,465,95858367,95846068,8444.15,-65.83,-78.15,34.4,28.8497
22:57:44.730 > 25771,466,95858500,95846198,8460.07,-67.71,-81.31,34.4,28.8590
22:57:44.783 > 25824,467,95858641,95846346,8458.82,-67.28,-81.80,34.4,28.8403
22:57:44.836 > 25877,468,95858293,95845984,8461.02,-66.04,-77.77,34.4,28.8731
22:57:44.889 > 25930,469,95858446,95846134,8443.79,-65.23,-79.05,34.4,28.8825
22:57:44.942 > 25983,470,95858619,95846306,8445.47,-66.47,-80.47,34.4,28.8825
22:57:44.995 > 26036,471,95858270,95845975,8443.57,-65.19,-77.69,34.4,28.8403
22:57:45.048 > 26089,472,95858454,95846152,8446.28,-64.30,-81.64,34.4,28.8590
22:57:45.101 > 26142,473,95858641,95846336,8442.69,-65.79,-81.57,34.4,28.8637
22:57:45.154 > 26195,474,95858324,95846023,8444.01,-65.19,-81.40,34.4,28.8543
22:57:45.207 > 26248,475,95858534,95846232,8442.10,-66.28,-78.89,34.4,28.8590
22:57:45.260 > 26301,476,95858236,95845928,8446.43,-65.43,-78.52,34.4,28.8731
22:57:45.322 > 26354,477,95858453,95846151,8444.45,-65.25,-80.10,34.4,28.8590
22:57:45.366 > 26407,478,95858677,95846370,8445.99,-66.39,-79.43,34.4,28.8684
22:57:45.419 > 26460,479,95858384,95846087,8442.54,-65.35,-79.54,34.4,28.8450
22:57:45.472 > 26513,480,95858624,95846325,8446.35,-65.72,-79.29,34.4,28.8497
22:57:45.525 > 26566,481,95858367,95846061,8441.96,-65.63,-78.08,34.4,28.8684
22:57:45.578 > 26619,482,95858615,95846310,8438.22,-66.47,-79.25,34.4,28.8637
22:57:45.631 > 26672,483,95858359,95846054,8442.76,-65.87,-77.61,34.4,28.8637
22:57:45.684 > 26725,484,95858626,95846321,8457.13,-65.88,-78.96,34.4,28.8637
22:57:45.737 > 26778,485,95858381,95846078,8443.71,-66.07,-79.53,34.4,28.8590
22:57:45.790 > 26831,486,95858665,95846361,8445.25,-65.74,-77.53,34.4,28.8637
22:57:45.843 > 26884,487,95858439,95846127,8441.88,-66.32,-78.34,34.4,28.8825
22:57:45.896 > 26937,488,95858215,95845913,8439.17,-66.83,-78.62,34.4,28.8590
22:57:45.949 > 26990,489,95858513,95846207,8441.81,-67.35,-81.88,34.4,28.8684
22:57:46.002 > 27043,490,95858310,95846006,8445.62,-67.85,-82.11,34.4,28.8637
22:57:46.055 > 27096,491,95858634,95846327,8456.03,-66.41,-78.68,34.4,28.8684
22:57:46.108 > 27149,492,95858437,95846138,8438.07,-68.41,-82.22,34.4,28.8497
22:57:46.161 > 27202,493,95858253,95845947,8438.58,-67.62,-81.16,34.4,28.8684
22:57:46.214 > 27255,494,95858587,95846278,8439.98,-65.71,-80.52,34.4,28.8731
22:57:46.267 > 27308,495,95858415,95846106,8444.96,-65.81,-77.48,34.4,28.8731
22:57:46.320 > 27361,496,95858253,95845938,8440.93,-67.07,-80.78,34.4,28.8872
22:57:46.373 > 27414,497,95858604,95846303,8437.12,-66.73,-78.10,34.4,28.8543
22:57:46.426 > 27467,498,95858468,95846150,8437.56,-66.85,-80.98,34.4,28.8966
22:57:46.479 > 27520,499,95858318,95846003,8438.22,-66.24,-80.23,34.4,28.8872
22:57:46.532 > 27573,500,95858698,95846382,8444.38,-65.72,-78.96,34.4,28.8919
22:57:46.585 > 27626,501,95858552,95846243,8444.30,-67.28,-80.15,34.4,28.8731
22:57:46.638 > 27679,502,95858455,95846141,8445.91,-67.07,-82.23,34.4,28.8872
22:57:46.691 > 27732,503,95858344,95846036,8440.27,-67.44,-80.21,34.4,28.8731
22:57:46.744 > 27785,504,95858229,95845916,8443.35,-65.70,-79.18,34.4,28.8825
22:57:46.797 > 27838,505,95858652,95846331,8445.47,-65.45,-79.96,34.4,28.9013
22:57:46.850 > 27891,506,95858559,95846248,8437.48,-65.58,-78.80,34.4,28.8778
22:57:46.903 > 27944,507,95858479,95846169,8441.44,-66.03,-78.33,34.4,28.8778
22:57:46.956 > 27997,508,95858412,95846091,8445.47,-66.32,-78.84,34.4,28.9013
22:57:47.009 > 28050,509,95858346,95846031,8437.78,-66.09,-78.32,34.4,28.8872
22:57:47.062 > 28103,510,95858281,95845961,8446.43,-65.30,-81.39,34.4,28.9013
22:57:47.115 > 28156,511,95858228,95845912,8443.42,-65.61,-78.23,34.4,28.8919
22:57:47.168 > 28209,512,95858692,95846385,8446.21,-64.87,-79.30,34.4,28.8684
22:57:47.221 > 28262,513,95858651,95846334,8445.40,-64.94,-80.61,34.4,28.8919
22:57:47.274 > 28315,514,95858621,95846308,8442.10,-64.53,-78.22,34.4,28.8825
22:57:47.328 > 28368,515,95858590,95846284,8441.88,-65.29,-81.76,34.4,28.8684
22:57:47.380 > 28421,516,95858579,95846267,8442.69,-65.06,-79.61,34.4,28.8825
22:57:47.433 > 28474,517,95858562,95846255,8446.13,-64.98,-79.13,34.4,28.8684
22:57:47.486 > 28527,518,95858570,95846253,8441.15,-64.77,-81.33,34.4,28.8919
22:57:47.539 > 28580,519,95858558,95846251,8442.25,-66.03,-79.47,34.4,28.8684
22:57:47.592 > 28633,520,95858577,95846258,8442.62,-63.65,-79.55,34.4,28.8966
22:57:47.645 > 28686,521,95858591,95846280,8445.18,-65.39,-80.77,34.4,28.8778
22:57:47.698 > 28739,522,95858618,95846302,8443.27,-67.31,-81.70,34.4,28.8919
22:57:47.751 > 28792,523,95858649,95846340,8443.27,-65.11,-79.44,34.4,28.8731
22:57:47.804 > 28845,524,95858691,95846376,8441.29,-67.33,-81.85,34.4,28.8872
22:57:47.857 > 28898,525,95858228,95845914,8438.80,-67.40,-81.08,34.4,28.8872
22:57:47.910 > 28951,526,95858277,95845966,8438.66,-65.13,-77.86,34.4,28.8778
22:57:47.963 > 29004,527,95858336,95846017,8442.25,-65.83,-81.82,34.4,28.8966
22:57:48.016 > 29057,528,95858411,95846095,8441.22,-68.98,-80.84,34.4,28.8919
22:57:48.069 > 29110,529,95858475,95846171,8441.44,-66.09,-77.26,34.4,28.8637
22:57:48.122 > 29163,530,95858565,95846247,8445.11,-68.41,-81.68,34.4,28.8966
22:57:48.175 > 29216,531,95858654,95846336,8426.34,-65.97,-80.07,34.4,28.8966
22:57:48.228 > 29269,532,95858238,95845924,8426.85,-68.18,-81.72,34.4,28.8872
22:57:48.281 > 29322,533,95858336,95846028,8441.74,-66.91,-83.18,34.4,28.8731
22:57:48.334 > 29375,534,95858446,95846134,8437.19,-66.34,-81.38,34.4,28.8825
22:57:48.387 > 29428,535,95858556,95846253,8440.71,-65.17,-78.67,34.4,28.8590
22:57:48.440 > 29481,536,95858684,95846372,8427.29,-65.40,-78.65,34.4,28.8825
22:57:48.493 > 29534,537,95858305,95845992,8424.06,-65.21,-78.33,34.4,28.8825
22:57:48.546 > 29587,538,95858439,95846111,8425.38,-66.06,-82.00,34.4,28.9200
22:57:48.599 > 29640,539,95858581,95846265,8437.26,-65.15,-79.57,34.4,28.8919
22:57:48.652 > 29693,540,95858221,95845905,8438.22,-66.24,-78.17,34.4,28.8919
22:57:48.705 > 29746,541,95858371,95846054,8427.51,-67.17,-81.09,34.4,28.8919
22:57:48.758 > 29799,542,95858535,95846223,8427.51,-66.83,-80.80,34.4,28.8825
22:57:48.811 > 29852,543,95858701,95846382,8427.29,-67.40,-82.87,34.4,28.8966
22:57:48.864 > 29905,544,95858366,95846053,8424.72,-65.82,-78.55,34.4,28.8825
22:57:48.917 > 29958,545,95858551,95846233,8426.19,-66.39,-77.42,34.4,28.8966
22:57:48.970 > 30011,546,95858226,95845911,8439.68,-66.20,-77.81,34.4,28.8872
22:57:49.023 > 30064,547,95858417,95846102,8422.08,-66.80,-80.00,34.4,28.8872
22:57:49.076 > 30117,548,95858626,95846301,8441.96,-66.04,-80.34,34.4,28.9106
22:57:49.129 > 30170,549,95858307,95845997,8427.44,-64.69,-78.94,34.4,28.8778
22:57:49.182 > 30223,550,95858525,95846212,8426.12,-66.04,-81.79,34.4,28.8825
22:57:49.235 > 30276,551,95858236,95845920,8424.21,-65.93,-78.87,34.4,28.8919
22:57:49.288 > 30329,552,95858453,95846145,8426.04,-66.83,-84.12,34.4,28.8731
22:57:49.343 > 30382,553,95858700,95846370,8422.23,-66.09,-79.50,34.4,28.9247
22:57:49.394 > 30435,554,95858428,95846099,8420.77,-65.49,-77.93,34.4,28.9200
22:57:49.447 > 30488,555,95858669,95846351,8427.07,-66.69,-78.70,34.4,28.8966
22:57:49.500 > 30541,556,95858399,95846086,8440.42,-66.14,-79.43,34.4,28.8825
22:57:49.553 > 30594,557,95858661,95846338,8426.48,-66.32,-81.75,34.4,28.9060
22:57:49.606 > 30647,558,95858407,95846089,8425.31,-65.36,-77.52,34.4,28.8966
22:57:49.659 > 30700,559,95858678,95846357,8422.67,-66.97,-81.56,34.4,28.9013
22:57:49.712 > 30753,560,95858453,95846127,8427.00,-65.28,-79.04,34.4,28.9153
22:57:49.765 > 30806,561,95858216,95845899,8425.38,-65.79,-77.96,34.4,28.8919
22:57:49.818 > 30859,562,95858502,95846188,8419.37,-66.89,-82.52,34.4,28.8872
22:57:49.871 > 30912,563,95858290,95845966,8424.80,-65.13,-77.54,34.4,28.9106
22:57:49.924 > 30965,564,95858582,95846273,8425.24,-65.23,-81.32,34.4,28.8731
22:57:49.977 > 31018,565,95858381,95846063,8426.56,-65.69,-80.46,34.4,28.8966
22:57:50.030 > 31071,566,95858696,95846380,8422.75,-67.51,-83.23,34.4,28.8919
22:57:50.083 > 31124,567,95858509,95846190,8424.87,-66.09,-80.41,34.4,28.8966
22:57:50.136 > 31177,568,95858333,95846002,8426.63,-64.96,-79.70,34.4,28.9247
22:57:50.189 > 31230,569,95858665,95846343,8420.03,-63.52,-81.21,34.4,28.9060
22:57:50.242 > 31283,570,95858490,95846162,8425.31,-64.96,-78.19,34.4,28.9200
22:57:50.295 > 31336,571,95858332,95846005,8425.75,-65.27,-79.64,34.4,28.9153
22:57:50.356 > 31389,572,95858678,95846356,8421.28,-65.09,-78.07,34.4,28.9060
22:57:50.401 > 31442,573,95858514,95846197,8418.35,-66.75,-82.06,34.4,28.8919
22:57:50.454 > 31495,574,95858363,95846053,8426.56,-66.18,-78.74,34.4,28.8778
22:57:50.507 > 31548,575,95858225,95845915,8420.03,-66.07,-77.59,34.4,28.8778
22:57:50.560 > 31601,576,95858611,95846288,8421.94,-66.66,-81.13,34.4,28.9060
22:57:50.613 > 31654,577,95858493,95846157,8423.33,-64.39,-77.61,34.4,28.9388
22:57:50.666 > 31707,578,95858359,95846038,8421.28,-64.98,-78.53,34.4,28.9013
22:57:50.719 > 31760,579,95858237,95845917,8427.00,-64.08,-78.45,34.4,28.9013
22:57:50.772 > 31813,580,95858645,95846314,8426.48,-65.64,-81.78,34.4,28.9247
22:57:50.825 > 31866,581,95858540,95846215,8427.58,-65.61,-80.06,34.4,28.9106
22:57:50.878 > 31919,582,95858444,95846115,8420.11,-64.94,-78.80,34.4,28.9200
22:57:50.931 > 31972,583,95858347,95846016,8418.64,-65.41,-77.21,34.4,28.9247
22:57:50.984 > 32025,584,95858257,95845932,8425.97,-66.37,-80.63,34.4,28.9106
22:57:51.037 > 32078,585,95858690,95846372,8424.50,-66.43,-78.65,34.4,28.8966
22:57:51.090 > 32131,586,95858621,95846291,8418.42,-66.26,-77.83,34.4,28.9247
22:57:51.143 > 32184,587,95858546,95846224,8423.33,-67.51,-81.21,34.4,28.9060
22:57:51.196 > 32237,588,95858492,95846162,8419.23,-65.66,-77.64,34.4,28.9247
22:57:51.249 > 32290,589,95858438,95846105,8422.16,-65.99,-78.37,34.4,28.9294
22:57:51.302 > 32343,590,95858384,95846054,8420.91,-66.34,-81.72,34.4,28.9247
22:57:51.355 > 32396,591,95858348,95846012,8418.79,-65.02,-77.92,34.4,28.9388
22:57:51.408 > 32449,592,95858312,95845986,8425.02,-64.86,-78.65,34.4,28.9153
22:57:51.461 > 32502,593,95858278,95845946,8424.94,-65.00,-79.95,34.4,28.9294
22:57:51.514 > 32555,594,95858254,95845928,8427.14,-64.96,-78.98,34.4,28.9153
22:57:51.567 > 32608,595,95858233,95845904,8423.99,-65.23,-77.56,34.4,28.9200
22:57:51.620 > 32661,596,95858220,95845894,8423.70,-65.40,-78.03,34.4,28.9153
22:57:51.673 > 32714,597,95858728,95846396,8420.33,-67.31,-80.78,34.4,28.9294
22:57:51.726 > 32767,598,95858217,95845890,8419.89,-66.87,-80.69,34.4,28.9153
22:57:51.779 > 32820,599,95858226,95845900,8424.50,-66.05,-79.38,34.4,28.9153
22:57:51.832 > 32873,600,95858249,95845918,8419.89,-66.20,-78.60,34.4,28.9247
22:57:51.885 > 32926,601,95858267,95845940,8418.71,-65.11,-80.57,34.4,28.9153
22:57:51.938 > 32979,602,95858289,95845954,8420.25,-65.07,-77.67,34.4,28.9341
22:57:51.991 > 33032,603,95858322,95846003,8419.08,-66.53,-84.48,34.4,28.8966
22:57:52.044 > 33085,604,95858370,95846040,8420.40,-65.09,-78.28,34.4,28.9247
22:57:52.097 > 33138,605,95858412,95846082,8405.81,-66.28,-77.20,34.4,28.9247
22:57:52.150 > 33191,606,95858462,95846127,8423.04,-66.04,-79.26,34.4,28.9341
22:57:52.203 > 33244,607,95858521,95846196,8418.79,-66.26,-81.21,34.4,28.9106
22:57:52.256 > 33297,608,95858589,95846248,8422.16,-66.00,-79.77,34.4,28.9482
22:57:52.309 > 33350,609,95858663,95846322,8421.87,-66.45,-81.04,34.4,28.9482
22:57:52.372 > 33403,610,95858738,95846397,8419.52,-66.96,-80.11,34.4,28.9482
22:57:52.415 > 33456,611,95858302,95845969,8420.33,-65.55,-78.50,34.4,28.9294
22:57:52.468 > 33509,612,95858393,95846050,8406.69,-65.72,-79.29,34.4,28.9529
22:57:52.521 > 33562,613,95858486,95846150,8422.53,-65.71,-77.54,34.4,28.9388
22:57:52.574 > 33615,614,95858586,95846252,8406.17,-65.66,-79.85,34.4,28.9341
22:57:52.627 > 33668,615,95858688,95846363,8421.50,-65.55,-78.53,34.4,28.9106
22:57:52.680 > 33721,616,95858291,95845960,8406.32,-65.82,-77.68,34.4,28.9247
22:57:52.733 > 33774,617,95858409,95846070,8418.86,-66.73,-80.24,34.4,28.9435
22:57:52.786 > 33827,618,95858537,95846196,8418.49,-65.50,-77.48,34.4,28.9482
22:57:52.839 > 33880,619,95858666,95846328,8399.58,-66.37,-80.85,34.4,28.9435
22:57:52.892 > 33933,620,95858293,95845944,8419.74,-65.13,-78.44,34.4,28.9670
22:57:52.945 > 33986,621,95858427,95846090,8408.67,-64.67,-78.79,34.4,28.9388
22:57:52.998 > 34039,622,95858575,95846240,8423.41,-65.30,-81.19,34.4,28.9341
22:57:53.051 > 34092,623,95858733,95846385,8423.55,-65.49,-80.19,34.4,28.9670
22:57:53.104 > 34145,624,95858380,95846038,8406.10,-64.79,-79.57,34.4,28.9529
22:57:53.157 > 34198,625,95858547,95846193,8407.86,-64.79,-78.41,34.4,28.9810
22:57:53.210 > 34251,626,95858710,95846372,8419.59,-64.90,-79.81,34.4,28.9435
22:57:53.263 > 34304,627,95858378,95846028,8403.90,-65.21,-78.76,34.4,28.9716
22:57:53.325 > 34357,628,95858558,95846223,8421.06,-65.42,-79.02,34.4,28.9341
22:57:53.369 > 34410,629,95858232,95845890,8403.32,-65.77,-78.35,34.4,28.9529
22:57:53.422 > 34463,630,95858427,95846079,8403.17,-65.06,-78.68,34.4,28.9670
22:57:53.475 > 34516,631,95858622,95846277,8405.37,-65.21,-78.29,34.4,28.9576
22:57:53.528 > 34569,632,95858314,95845977,8404.49,-66.16,-82.73,34.4,28.9388
22:57:53.581 > 34622,633,95858515,95846188,8402.44,-66.07,-84.28,34.4,28.9153
22:57:53.634 > 34675,634,95858234,95845889,8401.34,-64.61,-78.34,34.4,28.9576
22:57:53.687 > 34728,635,95858452,95846101,8419.01,-64.96,-79.59,34.4,28.9716
22:57:53.740 > 34781,636,95858684,95846337,8404.86,-64.83,-78.15,34.4,28.9623
22:57:53.793 > 34834,637,95858401,95846061,8407.35,-65.29,-81.39,34.4,28.9482
22:57:53.846 > 34887,638,95858644,95846310,8399.58,-65.06,-82.18,34.4,28.9341
22:57:53.899 > 34940,639,95858381,95846040,8403.24,-64.82,-78.76,34.4,28.9482
22:57:53.952 > 34993,640,95858638,95846291,8408.67,-64.79,-79.14,34.4,28.9623
22:57:54.005 > 35046,641,95858387,95846038,8407.13,-64.88,-79.11,34.4,28.9670
22:57:54.058 > 35099,642,95858643,95846303,8408.45,-64.53,-80.47,34.4,28.9482
22:57:54.111 > 35152,643,95858403,95846058,8406.69,-65.13,-81.81,34.4,28.9576
22:57:54.164 > 35205,644,95858683,95846338,8408.81,-64.89,-77.44,34.4,28.9576
22:57:54.217 > 35258,645,95858448,95846110,8406.17,-65.51,-78.59,34.4,28.9435
22:57:54.270 > 35311,646,95858731,95846388,8403.61,-65.78,-80.95,34.4,28.9529
22:57:54.323 > 35364,647,95858514,95846176,8404.93,-64.90,-79.50,34.4,28.9435
22:57:54.376 > 35417,648,95858308,95845961,8403.61,-65.02,-78.69,34.4,28.9623
22:57:54.429 > 35470,649,95858610,95846268,8405.29,-65.63,-80.34,34.4,28.9529
22:57:54.482 > 35523,650,95858402,95846066,8403.39,-65.40,-78.65,34.4,28.9388
22:57:54.535 > 35576,651,95858723,95846382,8399.58,-64.45,-81.38,34.4,28.9482
22:57:54.588 > 35629,652,95858532,95846187,8401.12,-64.83,-77.37,34.4,28.9576
22:57:54.641 > 35682,653,95858352,95846004,8401.41,-64.36,-77.46,34.4,28.9670
22:57:54.694 > 35735,654,95858686,95846343,8405.00,-64.61,-78.29,34.4,28.9529
22:57:54.747 > 35788,655,95858517,95846174,8406.54,-64.49,-79.25,34.4,28.9529
22:57:54.800 > 35841,656,95858347,95846006,8407.27,-64.90,-78.78,34.4,28.9482
22:57:54.853 > 35894,657,95858700,95846356,8400.46,-64.67,-79.11,34.4,28.9576
22:57:54.906 > 35947,658,95858542,95846197,8407.64,-65.46,-80.92,34.4,28.9576
22:57:54.959 > 36000,659,95858390,95846047,8403.61,-64.73,-79.94,34.4,28.9529
22:57:55.012 > 36053,660,95858252,95845906,8407.20,-64.89,-78.98,34.4,28.9623
22:57:55.065 > 36106,661,95858629,95846288,8408.45,-64.60,-78.32,34.4,28.9482
22:57:55.118 > 36159,662,95858499,95846152,8400.68,-64.64,-78.74,34.4,28.9623
22:57:55.171 > 36212,663,95858371,95846025,8406.32,-65.47,-80.44,34.4,28.9623
22:57:55.224 > 36265,664,95858252,95845910,8406.83,-66.02,-82.90,34.4,28.9529
22:57:55.277 > 36318,665,95858648,95846303,8406.91,-64.38,-80.77,34.4,28.9576
22:57:55.339 > 36371,666,95858538,95846192,8402.51,-64.42,-77.75,34.4,28.9623
22:57:55.383 > 36424,667,95858436,95846095,8405.00,-64.75,-79.01,34.4,28.9482
22:57:55.436 > 36477,668,95858343,95845998,8405.37,-65.68,-79.92,34.4,28.9576
22:57:55.489 > 36530,669,95858257,95845917,8403.17,-64.47,-78.70,34.4,28.9482
22:57:55.542 > 36583,670,95858685,95846331,8407.57,-64.81,-77.96,34.4,28.9810
22:57:55.595 > 36636,671,95858605,95846256,8399.65,-64.38,-77.28,34.4,28.9670
22:57:55.648 > 36689,672,95858533,95846185,8408.08,-64.35,-77.70,34.4,28.9670
22:57:55.701 > 36742,673,95858462,95846114,8402.29,-65.57,-83.67,34.4,28.9670
22:57:55.754 > 36795,674,95858407,95846059,8401.04,-64.66,-81.02,34.4,28.9670
22:57:55.807 > 36848,675,95858346,95845997,8404.20,-64.07,-77.45,34.4,28.9670
22:57:55.860 > 36901,676,95858296,95845955,8403.68,-64.53,-78.37,34.4,28.9482
22:57:55.913 > 36954,677,95858258,95845909,8402.80,-64.56,-78.71,34.4,28.9670
22:57:55.966 > 37007,678,95858722,95846375,8405.44,-65.28,-79.28,34.4,28.9623
22:57:56.019 > 37060,679,95858695,95846343,8407.42,-64.30,-77.86,34.4,28.9763
22:57:56.072 > 37113,680,95858669,95846322,8407.71,-65.19,-80.36,34.4,28.9623
22:57:56.125 > 37166,681,95858644,95846297,8400.31,-64.64,-79.98,34.4,28.9623
22:57:56.178 > 37219,682,95858621,95846285,8407.35,-65.60,-80.20,34.4,28.9388
22:57:56.231 > 37272,683,95858616,95846265,8403.32,-64.45,-77.61,34.4,28.9716
22:57:56.284 > 37325,684,95858618,95846272,8406.39,-65.40,-77.70,34.4,28.9623
22:57:56.348 > 37378,685,95858621,95846269,8404.78,-64.75,-77.30,34.4,28.9763
22:57:56.390 > 37431,686,95858622,95846274,8405.29,-66.08,-81.27,34.4,28.9670
22:57:56.443 > 37484,687,95858640,95846284,8389.09,-65.27,-79.01,34.4,28.9857
22:57:56.496 > 37537,688,95858652,95846305,8386.53,-64.44,-81.18,34.4,28.9623
22:57:56.549 > 37590,689,95858679,95846334,8389.68,-64.81,-77.68,34.4,28.9576
22:57:56.602 > 37643,690,95858715,95846363,8403.75,-64.63,-80.11,34.4,28.9763
22:57:56.655 > 37696,691,95858240,95845889,8403.75,-65.13,-77.80,34.4,28.9716
22:57:56.707 > 37749,692,95858282,95845931,8405.22,-64.30,-77.13,34.4,28.9716
22:57:56.761 > 37802,693,95858332,95845978,8403.54,-65.27,-79.43,34.4,28.9810
22:57:56.813 > 37855,694,95858382,95846020,8399.80,-66.08,-82.19,34.4,28.9998
22:57:56.866 > 37908,695,95858438,95846086,8408.15,-65.11,-78.15,34.4,28.9763
22:57:56.919 > 37961,696,95858508,95846147,8403.83,-64.61,-78.62,34.4,28.9951
22:57:56.972 > 38014,697,95858570,95846225,8388.58,-66.14,-82.49,34.4,28.9576
22:57:57.025 > 38067,698,95858639,95846287,8403.75,-64.81,-79.50,34.4,28.9763
22:57:57.078 > 38120,699,95858724,95846381,8408.81,-66.20,-80.87,34.4,28.9529
22:57:57.131 > 38173,700,95858295,95845951,8399.87,-64.82,-77.29,34.4,28.9576
22:57:57.184 > 38226,701,95858383,95846028,8402.00,-64.62,-78.95,34.4,28.9810
22:57:57.237 > 38279,702,95858475,95846126,8408.45,-66.68,-84.84,34.4,28.9670
22:57:57.291 > 38332,703,95858585,95846229,8401.26,-65.19,-80.38,34.4,28.9857
22:57:57.344 > 38385,704,95858684,95846334,8389.09,-65.76,-80.77,34.4,28.9716
22:57:57.397 > 38438,705,95858284,95845945,8402.14,-67.08,-80.61,34.4,28.9435
22:57:57.449 > 38491,706,95858405,95846046,8401.04,-65.64,-78.40,34.4,28.9904
22:57:57.503 > 38544,707,95858529,95846179,8387.33,-65.99,-80.46,34.4,28.9716
22:57:57.556 > 38597,708,95858651,95846301,8390.04,-65.36,-80.27,34.4,28.9716
22:57:57.609 > 38650,709,95858283,95845924,8401.70,-65.29,-80.12,34.4,28.9904
22:57:57.662 > 38703,710,95858420,95846062,8388.58,-65.96,-79.06,34.4,28.9904
22:57:57.715 > 38756,711,95858556,95846210,8402.07,-64.84,-77.70,34.4,28.9623
22:57:57.768 > 38809,712,95858708,95846358,8400.46,-64.85,-79.08,34.4,28.9716
22:57:57.821 > 38862,713,95858346,95845999,8387.62,-66.62,-79.86,34.4,28.9623
22:57:57.874 > 38915,714,95858499,95846147,8381.10,-65.05,-77.80,34.4,28.9763
22:57:57.927 > 38968,715,95858673,95846322,8389.82,-64.77,-77.62,34.4,28.9716
22:57:57.980 > 39021,716,95858329,95845985,8389.31,-65.76,-82.36,34.4,28.9576
22:57:58.033 > 39074,717,95858514,95846155,8387.62,-67.38,-78.29,34.4,28.9904
22:57:58.086 > 39127,718,95858679,95846322,8383.30,-67.50,-80.93,34.4,28.9857
22:57:58.139 > 39180,719,95858363,95846019,8403.32,-65.11,-77.85,34.4,28.9576
22:57:58.192 > 39233,720,95858558,95846208,8401.78,-65.13,-78.36,34.4,28.9716
22:57:58.245 > 39286,721,95858756,95846399,8388.58,-64.82,-78.51,34.4,28.9857
22:57:58.297 > 39339,722,95858445,95846091,8381.54,-65.54,-80.04,34.4,28.9810
22:57:58.354 > 39392,723,95858653,95846291,8389.60,-66.12,-80.24,34.4,28.9998
22:57:58.403 > 39445,724,95858351,95846000,8382.93,-66.79,-81.04,34.4,28.9716
22:57:58.456 > 39498,725,95858559,95846213,8404.05,-64.75,-78.30,34.4,28.9623
22:57:58.510 > 39551,726,95858269,95845914,8388.80,-66.47,-80.74,34.4,28.9810
22:57:58.563 > 39604,727,95858501,95846148,8403.17,-64.81,-78.50,34.4,28.9763
22:57:58.616 > 39657,728,95858733,95846381,8399.72,-66.10,-84.18,34.4,28.9763
22:57:58.669 > 39710,729,95858451,95846103,8383.81,-64.54,-79.36,34.4,28.9670
22:57:58.722 > 39763,730,95858699,95846340,8381.39,-65.46,-79.80,34.4,28.9904
22:57:58.774 > 39816,731,95858438,95846085,8389.75,-64.12,-78.23,34.4,28.9763
22:57:58.828 > 39869,732,95858699,95846339,8383.15,-64.23,-78.03,34.4,28.9951
22:57:58.881 > 39922,733,95858435,95846087,8383.96,-65.31,-81.63,34.4,28.9670
22:57:58.934 > 39975,734,95858706,95846343,8386.67,-64.79,-79.34,34.4,28.9998
22:57:58.987 > 40028,735,95858460,95846109,8387.26,-64.62,-80.15,34.4,28.9716
22:57:59.040 > 40081,736,95858737,95846374,8383.30,-64.59,-77.89,34.4,28.9998
22:57:59.092 > 40134,737,95858501,95846147,8385.72,-64.34,-79.45,34.4,28.9810
22:57:59.146 > 40187,738,95858273,95845923,8388.14,-64.12,-76.79,34.4,28.9716
22:57:59.199 > 40240,739,95858565,95846207,8389.75,-64.47,-80.07,34.4,28.9904
22:57:59.252 > 40293,740,95858349,95846000,8382.79,-63.73,-77.49,34.4,28.9670
22:57:59.323 > 40346,741,95858649,95846297,8385.94,-64.23,-79.43,34.4,28.9763
22:57:59.357 > 40399,742,95858446,95846089,8381.17,-63.59,-78.87,34.4,28.9857
22:57:59.411 > 40452,743,95858761,95846400,8385.42,-63.89,-77.85,34.4,28.9951
22:57:59.464 > 40505,744,95858562,95846199,8387.18,-63.99,-78.29,34.4,28.9998
22:57:59.517 > 40558,745,95858369,95846018,8381.03,-65.05,-80.50,34.4,28.9716
22:57:59.570 > 40611,746,95858704,95846337,8382.49,-63.99,-78.37,34.4,29.0092
22:57:59.623 > 40664,747,95858519,95846162,8383.30,-63.85,-79.25,34.4,28.9857
22:57:59.676 > 40717,748,95858344,95845989,8381.91,-65.17,-78.95,34.4,28.9810
22:57:59.729 > 40770,749,95858683,95846333,8385.57,-64.41,-77.78,34.4,28.9716
22:57:59.781 > 40823,750,95858517,95846163,8384.99,-63.89,-80.00,34.4,28.9810
22:57:59.835 > 40876,751,95858361,95846001,8388.29,-64.10,-77.47,34.4,28.9951
22:57:59.888 > 40929,752,95858714,95846363,8383.23,-63.39,-79.98,34.4,28.9716
22:57:59.940 > 40982,753,95858569,95846210,8385.94,-63.66,-78.01,34.4,28.9904
22:57:59.994 > 41035,754,95858419,95846063,8386.16,-64.98,-79.95,34.4,28.9857
22:58:00.046 > 41088,755,95858278,95845920,8385.42,-63.78,-77.36,34.4,28.9904
22:58:00.100 > 41141,756,95858659,95846301,8385.42,-65.09,-83.93,34.4,28.9904
22:58:00.153 > 41194,757,95858529,95846174,8385.65,-64.81,-83.62,34.4,28.9810
22:58:00.206 > 41247,758,95858399,95846051,8387.92,-63.92,-77.66,34.4,28.9670
22:58:00.258 > 41300,759,95858289,95845933,8386.45,-63.75,-77.50,34.4,28.9857
22:58:00.311 > 41353,760,95858688,95846328,8387.41,-64.59,-78.72,34.4,28.9951
22:58:00.372 > 41406,761,95858577,95846218,8381.32,-64.05,-79.03,34.4,28.9904
22:58:00.418 > 41459,762,95858470,95846110,8385.13,-63.98,-77.18,34.4,28.9951
22:58:00.470 > 41512,763,95858367,95846017,8380.95,-64.52,-78.77,34.4,28.9716
22:58:00.524 > 41565,764,95858278,95845918,8386.82,-64.76,-83.06,34.4,28.9951
22:58:00.577 > 41618,765,95858703,95846341,8389.24,-64.34,-78.57,34.4,28.9998
22:58:00.630 > 41671,766,95858611,95846254,8386.82,-64.19,-77.76,34.4,28.9857
22:58:00.683 > 41724,767,95858532,95846174,8387.84,-63.75,-81.04,34.4,28.9904
22:58:00.736 > 41777,768,95858453,95846099,8386.23,-64.77,-83.64,34.4,28.9810
22:58:00.788 > 41830,769,95858388,95846035,8385.21,-63.66,-80.23,34.4,28.9763
22:58:00.842 > 41883,770,95858329,95845972,8389.02,-63.35,-79.63,34.4,28.9857
22:58:00.895 > 41936,771,95858263,95845906,8383.96,-64.92,-81.71,34.4,28.9857
22:58:00.948 > 41989,772,95858721,95846368,8384.55,-64.87,-81.01,34.4,28.9763
22:58:01.001 > 42042,773,95858669,95846308,8389.09,-64.17,-82.16,34.4,28.9951
22:58:01.054 > 42095,774,95858629,95846271,8381.54,-63.99,-78.59,34.4,28.9904
22:58:01.107 > 42148,775,95858596,95846234,8387.26,-64.47,-79.70,34.4,28.9998
22:58:01.160 > 42201,776,95858552,95846191,8380.81,-66.47,-81.10,34.4,28.9951
22:58:01.213 > 42254,777,95858523,95846161,8388.94,-64.69,-79.62,34.4,28.9998
22:58:01.266 > 42307,778,95858502,95846137,8381.32,-65.00,-78.34,34.4,29.0045
22:58:01.321 > 42360,779,95858477,95846130,8386.96,-65.37,-77.34,34.4,28.9623
22:58:01.371 > 42413,780,95858464,95846107,8381.39,-66.45,-82.39,34.4,28.9857
22:58:01.425 > 42466,781,95858451,95846094,8384.84,-65.33,-79.34,34.4,28.9857
22:58:01.478 > 42519,782,95858444,95846101,8387.04,-64.98,-79.67,34.4,28.9529
22:58:01.531 > 42572,783,95858455,95846102,8382.13,-65.39,-80.19,34.4,28.9763
22:58:01.584 > 42625,784,95858460,95846107,8389.24,-64.89,-80.14,34.4,28.9763
22:58:01.637 > 42678,785,95858475,95846120,8382.86,-65.17,-80.94,34.4,28.9810
22:58:01.690 > 42731,786,95858493,95846130,8381.76,-65.38,-78.13,34.4,28.9998
22:58:01.742 > 42784,787,95858518,95846167,8384.25,-66.18,-81.91,34.4,28.9716
22:58:01.795 > 42837,788,95858546,95846194,8370.76,-66.26,-80.96,34.4,28.9763
22:58:01.849 > 42890,789,95858585,95846221,8387.48,-66.39,-83.49,34.4,29.0045
22:58:01.902 > 42943,790,95858626,95846268,8382.42,-64.98,-77.91,34.4,28.9904
22:58:01.955 > 42996,791,95858670,95846311,8381.10,-64.81,-77.14,34.4,28.9904
22:58:02.008 > 43049,792,95858714,95846359,8381.91,-64.68,-80.02,34.4,28.9810
22:58:02.061 > 43102,793,95858259,95845892,8384.25,-65.59,-79.18,34.4,29.0092
22:58:02.114 > 43155,794,95858317,95845952,8386.53,-65.36,-78.87,34.4,29.0045
22:58:02.167 > 43208,795,95858384,95846024,8385.50,-66.14,-79.91,34.4,28.9951
22:58:02.220 > 43261,796,95858448,95846092,8386.45,-65.66,-79.11,34.4,28.9857
22:58:02.273 > 43314,797,95858524,95846168,8370.69,-65.51,-79.93,34.4,28.9857
22:58:02.325 > 43367,798,95858602,95846246,8381.54,-65.38,-77.33,34.4,28.9857
22:58:02.378 > 43420,799,95858688,95846320,8385.35,-65.59,-77.99,34.4,29.0139
22:58:02.432 > 43473,800,95858259,95845910,8382.86,-66.28,-81.37,34.4,28.9670
22:58:02.485 > 43526,801,95858358,95846002,8384.91,-65.95,-77.34,34.4,28.9857
22:58:02.538 > 43579,802,95858458,95846107,8369.22,-66.81,-81.69,34.4,28.9716
22:58:02.591 > 43632,803,95858561,95846205,8371.20,-65.87,-78.30,34.4,28.9857
22:58:02.644 > 43685,804,95858676,95846316,8371.35,-66.49,-78.19,34.4,28.9951
22:58:02.697 > 43738,805,95858271,95845917,8381.76,-66.35,-81.54,34.4,28.9810
22:58:02.750 > 43791,806,95858395,95846044,8384.03,-65.88,-80.49,34.4,28.9716
22:58:02.802 > 43844,807,95858519,95846165,8370.61,-67.17,-81.66,34.4,28.9810
22:58:02.856 > 43897,808,95858657,95846301,8371.13,-65.57,-80.62,34.4,28.9857
22:58:02.909 > 43950,809,95858278,95845924,8366.44,-66.07,-82.12,34.4,28.9810
22:58:02.962 > 44003,810,95858416,95846055,8369.08,-65.96,-77.78,34.4,28.9951
22:58:03.015 > 44056,811,95858570,95846203,8368.85,-66.30,-78.55,34.4,29.0092
22:58:03.068 > 44109,812,95858709,95846354,8367.17,-65.78,-80.43,34.4,28.9810
22:58:03.121 > 44162,813,95858363,95845996,8367.90,-65.71,-77.78,34.4,29.0092
22:58:03.174 > 44215,814,95858520,95846157,8382.13,-65.78,-79.95,34.4,28.9998
22:58:03.227 > 44268,815,95858689,95846325,8369.08,-65.67,-78.47,34.4,29.0045
22:58:03.280 > 44321,816,95858349,95845986,8371.27,-66.12,-78.18,34.4,28.9998
22:58:03.341 > 44374,817,95858529,95846162,8365.63,-66.35,-80.57,34.4,29.0092
22:58:03.386 > 44427,818,95858709,95846343,8366.58,-65.98,-79.69,34.4,29.0092
22:58:03.439 > 44480,819,95858380,95846017,8368.71,-65.51,-78.75,34.4,28.9998
22:58:03.491 > 44533,820,95858572,95846209,8369.08,-65.58,-79.03,34.4,28.9998
22:58:03.545 > 44586,821,95858257,95845890,8367.46,-67.24,-82.63,34.4,29.0092
22:58:03.597 > 44639,822,95858458,95846096,8365.48,-65.42,-80.73,34.4,28.9998
22:58:03.651 > 44692,823,95858659,95846301,8369.88,-65.57,-81.91,34.4,28.9904
22:58:03.704 > 44745,824,95858368,95846004,8363.06,-65.28,-77.73,34.4,29.0045
22:58:03.756 > 44798,825,95858584,95846215,8369.22,-65.83,-79.07,34.4,29.0139
22:58:03.809 > 44851,826,95858299,95845928,8367.83,-66.45,-78.67,34.4,29.0186
22:58:03.863 > 44904,827,95858518,95846151,8362.55,-65.61,-79.07,34.4,29.0092
22:58:03.916 > 44957,828,95858761,95846386,8365.34,-65.34,-78.24,34.4,29.0279
22:58:03.969 > 45010,829,95858474,95846115,8367.54,-65.35,-77.38,34.4,28.9904
22:58:04.021 > 45063,830,95858726,95846353,8363.87,-65.70,-79.98,34.4,29.0233
22:58:04.075 > 45116,831,95858453,95846083,8363.06,-65.41,-81.09,34.4,29.0186
22:58:04.128 > 45169,832,95858719,95846346,8366.80,-64.94,-78.82,34.4,29.0233
22:58:04.181 > 45222,833,95858456,95846090,8366.00,-66.80,-82.99,34.4,29.0092
22:58:04.234 > 45275,834,95858716,95846356,8370.69,-66.34,-82.31,34.4,28.9951
22:58:04.287 > 45328,835,95858476,95846115,8366.73,-66.41,-78.87,34.4,28.9951
22:58:04.351 > 45381,836,95858748,95846381,8371.20,-65.32,-78.19,34.4,29.0092
22:58:04.393 > 45434,837,95858523,95846145,8365.85,-65.00,-78.59,34.4,29.0373
22:58:04.446 > 45487,838,95858291,95845919,8365.92,-66.55,-81.30,34.4,29.0233
22:58:04.499 > 45540,839,95858581,95846206,8371.13,-66.32,-81.42,34.4,29.0279
22:58:04.552 > 45593,840,95858365,95845989,8369.51,-65.02,-77.69,34.4,29.0326
22:58:04.605 > 45646,841,95858658,95846295,8369.88,-65.19,-80.45,34.4,28.9998
22:58:04.658 > 45699,842,95858456,95846081,8366.66,-65.74,-79.36,34.4,29.0279
22:58:04.711 > 45752,843,95858757,95846390,8364.82,-66.01,-79.75,34.4,29.0092
22:58:04.764 > 45805,844,95858558,95846192,8364.09,-64.87,-78.22,34.4,29.0092
22:58:04.816 > 45858,845,95858368,95845999,8366.29,-65.73,-78.83,34.4,29.0139
22:58:04.870 > 45911,846,95858694,95846323,8364.75,-65.21,-78.77,34.4,29.0186
22:58:04.923 > 45964,847,95858507,95846135,8363.14,-64.77,-78.76,34.4,29.0233
22:58:04.975 > 46017,848,95858331,95845968,8365.63,-66.20,-81.74,34.4,28.9998
22:58:05.029 > 46070,849,95858671,95846301,8369.29,-64.84,-77.06,34.4,29.0186
22:58:05.081 > 46123,850,95858504,95846135,8367.24,-66.18,-80.30,34.4,29.0139
22:58:05.135 > 46176,851,95858330,95845969,8364.97,-66.97,-84.23,34.4,28.9951
22:58:05.188 > 46229,852,95858690,95846319,8366.07,-64.83,-78.83,34.4,29.0186
22:58:05.241 > 46282,853,95858542,95846176,8369.66,-64.86,-76.88,34.4,29.0092
22:58:05.294 > 46335,854,95858393,95846029,8371.35,-65.19,-80.75,34.4,29.0045
22:58:05.346 > 46388,855,95858765,95846396,8366.07,-65.04,-77.89,34.4,29.0139
22:58:05.400 > 46441,856,95858626,95846256,8363.06,-66.30,-80.50,34.4,29.0186
22:58:05.453 > 46494,857,95858491,95846120,8369.29,-65.43,-78.20,34.4,29.0186
22:58:05.506 > 46547,858,95858364,95845990,8363.14,-65.07,-77.67,34.4,29.0279
22:58:05.559 > 46600,859,95858750,95846386,8363.06,-66.49,-80.46,34.4,29.0045
22:58:05.612 > 46653,860,95858631,95846259,8363.65,-65.54,-78.54,34.4,29.0233
22:58:05.665 > 46706,861,95858519,95846152,8368.85,-65.31,-78.92,34.4,29.0092
22:58:05.718 > 46759,862,95858405,95846036,8366.00,-66.51,-80.52,34.4,29.0139
22:58:05.771 > 46812,863,95858301,95845937,8362.48,-66.71,-81.03,34.4,29.0045
22:58:05.823 > 46865,864,95858713,95846344,8368.56,-64.92,-80.10,34.4,29.0139
22:58:05.877 > 46918,865,95858620,95846253,8369.00,-65.71,-78.40,34.4,29.0092
22:58:05.930 > 46971,866,95858528,95846157,8364.68,-65.50,-82.32,34.4,29.0186
22:58:05.983 > 47024,867,95858443,95846067,8370.54,-65.29,-78.23,34.4,29.0326
22:58:06.035 > 47077,868,95858366,95845986,8366.73,-64.96,-77.72,34.4,29.0420
22:58:06.089 > 47130,869,95858283,95845912,8367.68,-65.33,-82.14,34.4,29.0186
22:58:06.141 > 47183,870,95858724,95846355,8366.58,-65.40,-77.53,34.4,29.0139
22:58:06.195 > 47236,871,95858649,95846287,8366.51,-65.04,-80.16,34.4,28.9998
22:58:06.248 > 47289,872,95858588,95846221,8369.08,-64.92,-81.24,34.4,29.0092
22:58:06.301 > 47342,873,95858532,95846166,8369.08,-66.20,-83.88,34.4,29.0092
22:58:06.374 > 47395,874,95858480,95846107,8368.05,-65.06,-77.55,34.4,29.0233
22:58:06.406 > 47448,875,95858436,95846061,8366.80,-64.96,-78.02,34.4,29.0279
22:58:06.459 > 47501,876,95858386,95846011,8364.68,-65.13,-79.26,34.4,29.0279
22:58:06.512 > 47554,877,95858348,95845978,8362.26,-65.85,-83.48,34.4,29.0186
22:58:06.565 > 47607,878,95858320,95845942,8369.29,-66.37,-81.90,34.4,29.0373
22:58:06.618 > 47660,879,95858277,95845907,8367.24,-65.39,-81.43,34.4,29.0186
22:58:06.672 > 47713,880,95858766,95846393,8367.61,-65.50,-79.90,34.4,29.0233
22:58:06.724 > 47766,881,95858745,95846372,8367.90,-65.09,-77.99,34.4,29.0233
22:58:06.777 > 47819,882,95858729,95846353,8362.48,-65.96,-80.05,34.4,29.0326
22:58:06.830 > 47872,883,95858718,95846344,8364.38,-64.58,-80.15,34.4,29.0279
22:58:06.883 > 47925,884,95858705,95846334,8368.12,-64.48,-79.86,34.4,29.0186
22:58:06.936 > 47978,885,95858713,95846329,8367.02,-65.45,-79.35,34.4,29.0514
22:58:06.989 > 48031,886,95858711,95846328,8367.24,-65.13,-78.91,34.4,29.0467
22:58:07.043 > 48084,887,95858713,95846350,8351.62,-66.18,-82.89,34.4,28.9998
22:58:07.096 > 48137,888,95858711,95846336,8369.22,-66.50,-81.84,34.4,29.0279
22:58:07.149 > 48190,889,95858749,95846374,8366.44,-65.68,-79.03,34.4,29.0279
22:58:07.201 > 48243,890,95858764,95846391,8366.51,-65.02,-79.15,34.4,29.0233
22:58:07.254 > 48296,891,95858275,95845908,8366.44,-65.85,-82.75,34.4,29.0092
22:58:07.320 > 48349,892,95858309,95845930,8364.24,-65.98,-80.02,34.4,29.0373
22:58:07.360 > 48402,893,95858338,95845964,8364.60,-64.84,-80.81,34.4,29.0279
22:58:07.413 > 48455,894,95858388,95846004,8362.18,-65.30,-78.84,34.4,29.0514
22:58:07.466 > 48508,895,95858428,95846057,8364.75,-64.79,-77.56,34.4,29.0186
22:58:07.519 > 48561,896,95858480,95846105,8364.16,-66.51,-82.79,34.4,29.0279
22:58:07.572 > 48614,897,95858542,95846163,8366.73,-65.62,-77.95,34.4,29.0373
22:58:07.626 > 48667,898,95858593,95846224,8363.36,-64.82,-80.81,34.4,29.0139
22:58:07.679 > 48720,899,95858660,95846285,8365.92,-65.33,-81.51,34.4,29.0279
22:58:07.731 > 48773,900,95858725,95846346,8366.80,-64.59,-81.34,34.4,29.0373
22:58:07.785 > 48826,901,95858292,95845915,8362.26,-67.15,-83.25,34.4,29.0326
22:58:07.837 > 48879,902,95858369,95845994,8352.36,-64.59,-77.76,34.4,29.0279
22:58:07.890 > 48932,903,95858450,95846073,8347.89,-65.79,-79.96,34.4,29.0326
22:58:07.943 > 48985,904,95858540,95846155,8366.44,-64.72,-77.19,34.4,29.0514
22:58:07.996 > 49038,905,95858632,95846252,8363.06,-64.62,-77.71,34.4,29.0420
22:58:08.050 > 49091,906,95858725,95846358,8362.99,-65.64,-77.82,34.4,29.0092
22:58:08.103 > 49144,907,95858315,95845933,8362.77,-65.07,-78.34,34.4,29.0467
22:58:08.156 > 49197,908,95858422,95846041,8352.28,-64.53,-77.31,34.4,29.0420
22:58:08.208 > 49250,909,95858525,95846146,8350.89,-65.89,-82.29,34.4,29.0373
22:58:08.262 > 49303,910,95858636,95846269,8363.58,-64.74,-80.03,34.4,29.0092
22:58:08.314 > 49356,911,95858764,95846387,8350.38,-64.94,-78.17,34.4,29.0326
22:58:08.375 > 49409,912,95858375,95845996,8349.42,-66.28,-81.12,34.4,29.0373
22:58:08.420 > 49462,913,95858503,95846120,8348.77,-65.05,-78.18,34.4,29.0467
22:58:08.473 > 49515,914,95858638,95846255,8346.27,-65.09,-78.12,34.4,29.0467
22:58:08.527 > 49568,915,95858777,95846389,8364.16,-65.43,-79.10,34.4,29.0608
22:58:08.580 > 49621,916,95858397,95846019,8350.23,-66.57,-83.51,34.4,29.0373
22:58:08.633 > 49674,917,95858552,95846170,8362.84,-64.72,-77.30,34.4,29.0467
22:58:08.686 > 49727,918,95858702,95846325,8347.23,-65.02,-78.35,34.4,29.0326
22:58:08.739 > 49780,919,95858329,95845951,8352.50,-65.19,-80.11,34.4,29.0373
22:58:08.792 > 49833,920,95858490,95846109,8362.04,-64.81,-78.01,34.4,29.0420
22:58:08.844 > 49886,921,95858653,95846272,8351.26,-66.35,-82.69,34.4,29.0420
22:58:08.898 > 49939,922,95858312,95845931,8349.65,-65.00,-78.62,34.4,29.0420
22:58:08.951 > 49992,923,95858478,95846102,8350.82,-65.49,-77.76,34.4,29.0326
22:58:09.004 > 50045,924,95858653,95846279,8346.49,-64.63,-80.59,34.4,29.0279
22:58:09.058 > 50098,925,95858326,95845945,8362.04,-64.81,-79.49,34.4,29.0420
22:58:09.109 > 50151,926,95858504,95846137,8347.89,-64.94,-79.47,34.4,29.0092
22:58:09.162 > 50204,927,95858702,95846319,8346.27,-66.18,-80.67,34.4,29.0467
22:58:09.215 > 50257,928,95858377,95845998,8347.15,-65.46,-78.76,34.4,29.0373
22:58:09.269 > 50310,929,95858575,95846199,8348.62,-65.27,-78.12,34.4,29.0326
22:58:09.326 > 50363,930,95858766,95846398,8345.39,-65.36,-79.71,34.4,29.0139
22:58:09.374 > 50416,931,95858467,95846091,8347.96,-64.90,-80.83,34.4,29.0326
22:58:09.427 > 50469,932,95858684,95846303,8362.11,-65.13,-77.19,34.4,29.0420
22:58:09.480 > 50522,933,95858380,95845999,8350.53,-65.47,-79.63,34.4,29.0420
22:58:09.533 > 50575,934,95858599,95846224,8347.23,-64.77,-80.89,34.4,29.0279
22:58:09.586 > 50628,935,95858306,95845930,8345.17,-66.26,-80.53,34.4,29.0326
22:58:09.639 > 50681,936,95858542,95846160,8348.62,-64.76,-77.20,34.4,29.0467
22:58:09.692 > 50734,937,95858770,95846391,8350.08,-64.81,-79.55,34.4,29.0373
22:58:09.745 > 50787,938,95858494,95846108,8345.32,-65.02,-77.59,34.4,29.0561
