22:58:29.995 > 1126,1,95859201,95846325,8295.46,-67.47,-81.72,34.4,30.2056
22:58:30.049 > 1179,2,95859046,95846186,8290.33,-65.56,-81.72,34.4,30.1680
22:58:30.102 > 1232,3,95858935,95846065,8286.96,-66.30,-77.47,34.4,30.1915
22:58:30.155 > 1285,4,95858803,95845932,8295.02,-64.72,-77.14,34.4,30.1915
22:58:30.208 > 1338,5,95859184,95846313,8292.90,-65.32,-80.95,34.4,30.1915
22:58:30.261 > 1391,6,95859044,95846168,8287.18,-65.91,-81.63,34.4,30.2056
22:58:30.314 > 1444,7,95858918,95846045,8295.54,-65.61,-80.46,34.4,30.1962
22:58:30.372 > 1497,8,95858788,95845915,8292.16,-66.10,-80.68,34.4,30.1962
22:58:30.420 > 1550,9,95859175,95846312,8295.39,-66.33,-80.52,34.4,30.1727
22:58:30.473 > 1603,10,95859060,95846183,8287.03,-66.24,-77.78,34.4,30.2056
22:58:30.526 > 1656,11,95858953,95846080,8292.82,-66.26,-77.91,34.4,30.1962
22:58:30.579 > 1709,12,95858833,95845965,8289.01,-66.24,-78.87,34.4,30.1868
22:58:30.632 > 1762,13,95859239,95846375,8291.43,-67.79,-84.26,34.4,30.1774
22:58:30.685 > 1815,14,95859131,95846265,8292.53,-66.60,-77.79,34.4,30.1821
22:58:30.738 > 1868,15,95859032,95846159,8289.30,-67.43,-81.97,34.4,30.1962
22:58:30.791 > 1921,16,95858924,95846061,8292.97,-66.12,-81.63,34.4,30.1727
22:58:30.844 > 1974,17,95858844,95845973,8287.62,-65.58,-79.37,34.4,30.1915
22:58:30.897 > 2027,18,95859250,95846384,8291.21,-65.67,-77.33,34.4,30.1821
22:58:30.950 > 2080,19,95859165,95846301,8290.26,-66.95,-81.82,34.4,30.1774
22:58:31.003 > 2133,20,95859085,95846211,8287.76,-65.32,-78.33,34.4,30.2009
22:58:31.056 > 2186,21,95859011,95846141,8291.14,-65.58,-77.57,34.4,30.1915
22:58:31.109 > 2239,22,95858917,95846046,8295.54,-66.81,-83.33,34.4,30.1915
22:58:31.162 > 2292,23,95858856,95845985,8295.90,-66.28,-80.93,34.4,30.1915
22:58:31.215 > 2345,24,95858780,95845906,8292.31,-66.20,-79.59,34.4,30.2009
22:58:31.268 > 2398,25,95859229,95846357,8295.68,-66.03,-79.24,34.4,30.1962
22:58:31.325 > 2451,26,95859162,95846283,8289.01,-67.05,-82.40,34.4,30.2103
22:58:31.374 > 2504,27,95859103,95846233,8289.52,-66.98,-82.02,34.4,30.1915
22:58:31.427 > 2557,28,95859042,95846159,8290.55,-65.46,-79.80,34.4,30.2197
22:58:31.480 > 2610,29,95858993,95846118,8291.72,-64.81,-80.67,34.4,30.2009
22:58:31.533 > 2663,30,95858926,95846058,8275.00,-64.88,-81.43,34.4,30.1868
22:58:31.586 > 2716,31,95858888,95846014,8293.63,-64.82,-77.49,34.4,30.2009
22:58:31.639 > 2769,32,95858843,95845972,8276.03,-65.99,-80.94,34.4,30.1915
22:58:31.692 > 2822,33,95858798,95845931,8293.78,-65.26,-81.39,34.4,30.1821
22:58:31.745 > 2875,34,95859281,95846398,8275.23,-65.59,-78.98,34.4,30.2197
22:58:31.798 > 2928,35,95859233,95846367,8288.50,-65.23,-80.84,34.4,30.1821
22:58:31.851 > 2981,36,95859210,95846326,8291.65,-65.24,-77.72,34.4,30.2243
22:58:31.904 > 3034,37,95859185,95846310,8290.55,-66.30,-81.79,34.4,30.2009
22:58:31.957 > 3087,38,95859141,95846264,8289.67,-65.19,-78.24,34.4,30.2056
22:58:32.010 > 3140,39,95859131,95846249,8287.54,-65.32,-81.73,34.4,30.2197
22:58:32.063 > 3193,40,95859103,95846221,8288.35,-64.96,-79.10,34.4,30.2197
22:58:32.116 > 3246,41,95859097,95846212,8287.76,-64.96,-78.29,34.4,30.2243
22:58:32.169 > 3299,42,95859070,95846199,8276.33,-64.80,-77.80,34.4,30.1915
22:58:32.222 > 3352,43,95859054,95846177,8289.67,-65.60,-81.09,34.4,30.2056
22:58:32.275 > 3405,44,95859039,95846153,8287.62,-65.36,-80.21,34.4,30.2290
22:58:32.328 > 3458,45,95859040,95846171,8275.96,-65.26,-79.93,34.4,30.1868
22:58:32.381 > 3511,46,95859024,95846165,8292.68,-64.79,-79.08,34.4,30.1634
22:58:32.434 > 3564,47,95859034,95846163,8276.40,-65.21,-79.90,34.4,30.1915
22:58:32.487 > 3617,48,95859036,95846164,8288.72,-65.16,-79.82,34.4,30.1962
22:58:32.540 > 3670,49,95859048,95846171,8287.18,-64.89,-80.09,34.4,30.2056
22:58:32.593 > 3723,50,95859048,95846169,8288.06,-65.19,-80.77,34.4,30.2103
22:58:32.646 > 3776,51,95859069,95846194,8292.68,-65.52,-82.77,34.4,30.2009
22:58:32.699 > 3829,52,95859084,95846202,8288.20,-64.96,-77.66,34.4,30.2197
22:58:32.752 > 3882,53,95859102,95846227,8290.62,-64.79,-79.21,34.4,30.2009
22:58:32.805 > 3935,54,95859115,95846244,8277.13,-64.74,-80.89,34.4,30.1915
22:58:32.858 > 3988,55,95859156,95846273,8291.58,-66.78,-81.62,34.4,30.2197
22:58:32.911 > 4041,56,95859168,95846298,8291.06,-64.86,-79.91,34.4,30.1915
22:58:32.964 > 4094,57,95859213,95846333,8276.99,-64.96,-77.67,34.4,30.2150
22:58:33.017 > 4147,58,95859236,95846368,8290.11,-65.26,-80.12,34.4,30.1868
22:58:33.070 > 4200,59,95859284,95846389,8277.42,-65.34,-78.44,34.4,30.2478
22:58:33.123 > 4253,60,95858795,95845915,8292.09,-65.00,-81.10,34.4,30.2150
22:58:33.176 > 4306,61,95858853,95845971,8271.71,-65.30,-79.68,34.4,30.2197
22:58:33.229 > 4359,62,95858889,95846010,8274.86,-65.21,-78.46,34.4,30.2103
22:58:33.282 > 4412,63,95858947,95846063,8273.69,-65.07,-77.54,34.4,30.2243
22:58:33.341 > 4465,64,95858989,95846111,8288.86,-64.99,-81.36,34.4,30.2103
22:58:33.388 > 4518,65,95859050,95846168,8275.88,-64.91,-80.09,34.4,30.2197
22:58:33.441 > 4571,66,95859102,95846225,8276.18,-64.96,-79.76,34.4,30.2056
22:58:33.494 > 4624,67,95859169,95846302,8291.21,-64.87,-79.74,34.4,30.1821
22:58:33.547 > 4677,68,95859227,95846348,8289.01,-65.37,-79.79,34.4,30.2103
22:58:33.600 > 4730,69,95858786,95845918,8288.35,-65.85,-80.64,34.4,30.1868
22:58:33.653 > 4783,70,95858857,95845981,8274.57,-65.95,-82.13,34.4,30.2056
22:58:33.706 > 4836,71,95858928,95846055,8289.60,-65.44,-81.09,34.4,30.1962
22:58:33.759 > 4889,72,95859003,95846119,8291.36,-65.25,-77.63,34.4,30.2243
22:58:33.812 > 4942,73,95859096,95846219,8288.86,-65.76,-79.20,34.4,30.2056
22:58:33.865 > 4995,74,95859168,95846284,8277.21,-65.55,-79.81,34.4,30.2243
22:58:33.918 > 5048,75,95859261,95846378,8272.22,-65.69,-82.36,34.4,30.2197
22:58:33.970 > 5101,76,95858830,95845950,8277.35,-65.43,-78.80,34.4,30.2150
22:58:34.024 > 5154,77,95858926,95846049,8287.54,-65.36,-81.07,34.4,30.2056
22:58:34.077 > 5207,78,95859019,95846134,8273.54,-65.74,-78.44,34.4,30.2243
22:58:34.130 > 5260,79,95859117,95846236,8272.44,-65.32,-80.95,34.4,30.2150
22:58:34.183 > 5313,80,95859216,95846335,8270.97,-65.43,-77.84,34.4,30.2150
22:58:34.236 > 5366,81,95858812,95845928,8277.13,-66.16,-82.81,34.4,30.2243
22:58:34.289 > 5419,82,95858910,95846033,8275.08,-65.26,-80.07,34.4,30.2056
22:58:34.354 > 5472,83,95859027,95846144,8276.40,-65.08,-78.15,34.4,30.2197
22:58:34.394 > 5525,84,95859129,95846241,8273.76,-64.98,-77.42,34.4,30.2337
22:58:34.447 > 5578,85,95859253,95846379,8274.49,-65.05,-81.32,34.4,30.2009
22:58:34.501 > 5631,86,95858850,95845968,8273.47,-64.65,-79.49,34.4,30.2197
22:58:34.554 > 5684,87,95858972,95846098,8274.57,-64.69,-79.42,34.4,30.2009
22:58:34.607 > 5737,88,95859102,95846221,8274.64,-65.43,-80.60,34.4,30.2150
22:58:34.660 > 5790,89,95859224,95846346,8273.54,-64.78,-78.55,34.4,30.2103
22:58:34.713 > 5843,90,95858833,95845951,8275.67,-65.58,-79.46,34.4,30.2197
22:58:34.766 > 5896,91,95858973,95846090,8272.22,-65.34,-80.69,34.4,30.2197
22:58:34.819 > 5949,92,95859102,95846213,8276.18,-64.71,-79.12,34.4,30.2337
22:58:34.872 > 6002,93,95859239,95846363,8277.50,-64.92,-80.66,34.4,30.2056
22:58:34.925 > 6055,94,95858870,95845982,8276.62,-66.08,-83.77,34.4,30.2337
22:58:34.977 > 6108,95,95859030,95846132,8273.32,-65.62,-78.52,34.4,30.2572
22:58:35.031 > 6161,96,95859156,95846276,8271.19,-64.87,-78.87,34.4,30.2150
22:58:35.084 > 6214,97,95858800,95845926,8271.63,-64.93,-80.83,34.4,30.2009
22:58:35.137 > 6267,98,95858952,95846061,8273.54,-64.34,-77.47,34.4,30.2384
22:58:35.190 > 6320,99,95859109,95846225,8272.88,-65.49,-81.05,34.4,30.2243
22:58:35.243 > 6373,100,95859266,95846386,8276.62,-64.63,-77.88,34.4,30.2150
22:58:35.296 > 6426,101,95858916,95846042,8276.91,-64.36,-79.58,34.4,30.2009
22:58:35.349 > 6479,102,95859077,95846181,8276.54,-64.12,-78.15,34.4,30.2525
22:58:35.402 > 6532,103,95859255,95846377,8269.87,-65.22,-81.74,34.4,30.2103
22:58:35.454 > 6585,104,95858911,95846022,8270.24,-64.67,-78.67,34.4,30.2337
22:58:35.507 > 6638,105,95859090,95846205,8272.66,-65.00,-78.76,34.4,30.2243
22:58:35.561 > 6691,106,95859256,95846375,8287.62,-65.39,-83.16,34.4,30.2150
22:58:35.614 > 6744,107,95858921,95846041,8275.74,-64.07,-80.53,34.4,30.2150
22:58:35.667 > 6797,108,95859101,95846222,8270.61,-64.48,-79.30,34.4,30.2103
22:58:35.720 > 6850,109,95858788,95845903,8269.43,-64.36,-79.19,34.4,30.2243
22:58:35.773 > 6903,110,95858972,95846074,8272.88,-65.89,-81.01,34.4,30.2572
22:58:35.826 > 6956,111,95859159,95846270,8274.79,-64.68,-78.51,34.4,30.2337
22:58:35.879 > 7009,112,95858829,95845940,8272.07,-64.89,-78.76,34.4,30.2337
22:58:35.932 > 7062,113,95859037,95846153,8274.42,-64.79,-78.74,34.4,30.2243
22:58:35.984 > 7115,114,95859214,95846336,8276.47,-65.43,-78.12,34.4,30.2103
22:58:36.038 > 7168,115,95858905,95846031,8271.41,-65.17,-79.25,34.4,30.2009
22:58:36.090 > 7221,116,95859108,95846231,8271.78,-65.67,-80.11,34.4,30.2056
22:58:36.144 > 7274,117,95858799,95845919,8269.80,-65.16,-80.92,34.4,30.2150
22:58:36.196 > 7327,118,95859005,95846117,8271.05,-65.58,-82.71,34.4,30.2337
22:58:36.250 > 7380,119,95859225,95846335,8270.24,-65.74,-80.11,34.4,30.2384
22:58:36.303 > 7433,120,95858912,95846026,8274.27,-64.30,-79.19,34.4,30.2290
22:58:36.372 > 7486,121,95859131,95846249,8272.00,-66.43,-83.91,35.4,30.2197
22:58:36.409 > 7539,122,95858831,95845939,8273.61,-65.10,-79.45,34.4,30.2431
22:58:36.461 > 7592,123,95859051,95846166,8268.92,-64.79,-80.92,34.4,30.2243
22:58:36.514 > 7645,124,95859267,95846385,8273.69,-64.85,-77.81,34.4,30.2197
22:58:36.568 > 7698,125,95858988,95846099,8268.26,-66.39,-82.94,34.4,30.2337
22:58:36.621 > 7751,126,95859210,95846319,8269.87,-64.81,-77.44,34.4,30.2384
22:58:36.674 > 7804,127,95858924,95846052,8271.78,-65.71,-81.01,34.4,30.1962
22:58:36.727 > 7857,128,95859159,95846278,8268.77,-67.36,-82.51,34.4,30.2150
22:58:36.780 > 7910,129,95858889,95845998,8272.95,-65.42,-77.81,34.4,30.2384
22:58:36.833 > 7963,130,95859115,95846237,8272.59,-67.74,-84.51,34.4,30.2103
22:58:36.886 > 8016,131,95858853,95845972,8275.52,-65.97,-81.24,34.4,30.2150
22:58:36.939 > 8069,132,95859093,95846212,8271.49,-66.01,-79.26,34.4,30.2150
22:58:36.991 > 8122,133,95858834,95845954,8270.31,-65.69,-78.77,34.4,30.2150
22:58:37.045 > 8175,134,95859085,95846201,8268.55,-65.05,-78.39,34.4,30.2243
22:58:37.098 > 8228,135,95858830,95845934,8270.75,-64.49,-77.97,34.4,30.2525
22:58:37.151 > 8281,136,95859089,95846186,8272.44,-66.24,-81.05,34.4,30.2666
22:58:37.204 > 8334,137,95858838,95845948,8269.65,-64.57,-77.94,34.4,30.2384
22:58:37.257 > 8387,138,95859081,95846203,8268.41,-64.88,-78.12,34.4,30.2103
22:58:37.322 > 8440,139,95858836,95845957,8276.54,-66.54,-81.87,34.4,30.2103
22:58:37.362 > 8493,140,95859098,95846217,8269.80,-64.89,-79.39,34.4,30.2150
22:58:37.416 > 8546,141,95858860,95845981,8269.73,-65.24,-80.63,34.4,30.2103
22:58:37.468 > 8599,142,95859130,95846232,8277.35,-64.94,-77.38,34.4,30.2572
22:58:37.522 > 8652,143,95858904,95846021,8268.26,-65.03,-78.66,34.4,30.2197
22:58:37.575 > 8705,144,95859177,95846299,8276.62,-65.85,-80.96,34.4,30.2103
22:58:37.628 > 8758,145,95858947,95846062,8273.03,-65.21,-77.63,34.4,30.2243
22:58:37.680 > 8811,146,95859234,95846348,8268.70,-66.05,-80.64,34.4,30.2290
22:58:37.733 > 8864,147,95859022,95846128,8274.79,-66.33,-78.88,34.4,30.2478
22:58:37.787 > 8917,148,95858791,95845908,8271.05,-65.63,-80.80,34.4,30.2197
22:58:37.840 > 8970,149,95859091,95846202,8271.71,-66.03,-79.48,34.4,30.2337
22:58:37.893 > 9023,150,95858869,95845990,8275.23,-65.79,-82.04,34.4,30.2103
22:58:37.946 > 9076,151,95859171,95846282,8274.35,-65.34,-79.50,34.4,30.2337
22:58:37.998 > 9129,152,95858956,95846064,8275.00,-65.52,-78.49,34.4,30.2431
22:58:38.052 > 9182,153,95859275,95846386,8275.23,-65.96,-81.06,34.4,30.2337
22:58:38.105 > 9235,154,95859057,95846173,8274.27,-66.32,-78.39,34.4,30.2243
22:58:38.158 > 9288,155,95858859,95845975,8270.09,-65.83,-80.52,34.4,30.2243
22:58:38.211 > 9341,156,95859168,95846294,8276.25,-66.37,-80.42,34.4,30.2009
22:58:38.264 > 9394,157,95858976,95846093,8275.67,-66.24,-79.31,34.4,30.2197
22:58:38.316 > 9447,158,95858775,95845894,8276.76,-66.47,-79.47,34.4,30.2150
22:58:38.370 > 9500,159,95859108,95846221,8270.09,-65.76,-79.71,34.4,30.2290
22:58:38.423 > 9553,160,95858910,95846023,8276.62,-65.80,-79.53,34.4,30.2290
22:58:38.475 > 9606,161,95859240,95846355,8276.54,-65.95,-80.29,34.4,30.2243
22:58:38.529 > 9659,162,95859044,95846165,8273.83,-66.30,-80.33,34.4,30.2103
22:58:38.582 > 9712,163,95858879,95845992,8270.97,-66.91,-78.25,34.4,30.2290
22:58:38.635 > 9765,164,95859210,95846317,8275.37,-66.16,-77.49,34.4,30.2431
22:58:38.688 > 9818,165,95859032,95846156,8276.25,-66.24,-79.03,34.4,30.2056
22:58:38.741 > 9871,166,95858854,95845971,8272.88,-67.02,-82.28,34.4,30.2197
22:58:38.794 > 9924,167,95859215,95846317,8274.27,-67.64,-81.08,34.4,30.2572
22:58:38.847 > 9977,168,95859029,95846146,8274.57,-66.35,-79.58,34.4,30.2197
22:58:38.900 > 10030,169,95858873,95845986,8275.96,-65.99,-77.74,34.4,30.2290
22:58:38.953 > 10083,170,95859221,95846335,8275.81,-65.85,-79.05,34.4,30.2290
22:58:39.006 > 10136,171,95859066,95846185,8276.11,-65.66,-77.49,34.4,30.2150
22:58:39.059 > 10189,172,95858896,95846011,8273.69,-65.60,-78.58,34.4,30.2243
22:58:39.112 > 10242,173,95859274,95846382,8270.17,-65.87,-78.04,34.4,30.2431
22:58:39.165 > 10295,174,95859105,95846226,8276.62,-66.97,-83.51,34.4,30.2103
22:58:39.218 > 10348,175,95858961,95846074,8274.57,-65.21,-78.78,34.4,30.2290
22:58:39.271 > 10401,176,95858815,95845923,8276.54,-65.28,-77.09,34.4,30.2431
22:58:39.343 > 10454,177,95859178,95846298,8270.61,-66.71,-83.91,34.4,30.2150
22:58:39.376 > 10507,178,95859036,95846144,8276.54,-66.66,-80.05,34.4,30.2431
22:58:39.430 > 10560,179,95858896,95846018,8268.48,-65.78,-78.37,34.4,30.2103
22:58:39.482 > 10613,180,95859267,95846386,8272.73,-65.07,-77.22,34.4,30.2150
22:58:39.536 > 10666,181,95859143,95846257,8272.66,-65.39,-78.03,34.4,30.2290
22:58:39.589 > 10719,182,95859006,95846109,8274.13,-64.72,-77.62,35.4,30.2525
22:58:39.642 > 10772,183,95858873,95845980,8277.28,-64.60,-81.27,34.4,30.2431
22:58:39.695 > 10825,184,95859249,95846366,8277.50,-65.86,-84.17,34.4,30.2197
22:58:39.748 > 10878,185,95859143,95846258,8268.92,-64.66,-77.99,34.4,30.2243
22:58:39.800 > 10931,186,95859007,95846122,8273.91,-64.82,-78.35,34.4,30.2243
22:58:39.854 > 10984,187,95858898,95846011,8274.93,-66.26,-81.26,34.4,30.2290
22:58:39.907 > 11037,188,95859286,95846396,8270.83,-65.39,-80.40,34.4,30.2384
22:58:39.960 > 11090,189,95859176,95846288,8276.03,-64.34,-79.87,34.4,30.2337
22:58:40.012 > 11143,190,95859060,95846173,8275.52,-65.02,-82.62,34.4,30.2290
22:58:40.066 > 11196,191,95858965,95846074,8270.24,-64.70,-78.32,34.4,30.2384
22:58:40.119 > 11249,192,95858851,95845959,8274.42,-64.62,-79.45,34.4,30.2431
22:58:40.171 > 11302,193,95859276,95846366,8269.29,-65.15,-78.35,34.4,30.2853
22:58:40.224 > 11355,194,95859160,95846273,8273.98,-64.80,-79.20,34.4,30.2290
22:58:40.278 > 11408,195,95859069,95846177,8275.45,-64.93,-81.35,34.4,30.2431
22:58:40.330 > 11461,196,95858962,95846070,8270.53,-64.57,-78.53,34.4,30.2431
22:58:40.383 > 11514,197,95858884,95845995,8272.00,-64.91,-77.68,34.4,30.2337
22:58:40.437 > 11567,198,95858780,95845897,8268.85,-64.88,-80.00,34.4,30.2197
22:58:40.489 > 11620,199,95859223,95846322,8272.73,-64.81,-78.56,34.4,30.2619
22:58:40.543 > 11673,200,95859140,95846239,8271.63,-64.99,-78.22,34.4,30.2619
22:58:40.596 > 11726,201,95859054,95846173,8270.09,-64.95,-80.52,34.4,30.2150
22:58:40.649 > 11779,202,95858968,95846073,8274.93,-64.74,-79.15,34.4,30.2478
22:58:40.702 > 11832,203,95858904,95846015,8272.81,-66.89,-82.23,34.4,30.2337
22:58:40.755 > 11885,204,95858824,95845936,8270.68,-64.84,-77.47,34.4,30.2337
22:58:40.808 > 11938,205,95859273,95846379,8272.88,-66.16,-80.48,34.4,30.2478
22:58:40.861 > 11991,206,95859203,95846309,8274.49,-64.21,-77.14,34.4,30.2478
22:58:40.914 > 12044,207,95859137,95846248,8274.20,-64.85,-77.82,34.4,30.2337
22:58:40.966 > 12097,208,95859060,95846173,8268.33,-65.54,-83.20,34.4,30.2290
22:58:41.019 > 12150,209,95859018,95846127,8269.07,-65.32,-77.84,34.4,30.2384
22:58:41.073 > 12203,210,95858945,95846059,8273.76,-65.04,-77.34,34.4,30.2290
22:58:41.126 > 12256,211,95858896,95846005,8270.09,-66.47,-81.62,34.4,30.2384
22:58:41.179 > 12309,212,95858841,95845952,8270.90,-64.83,-78.80,34.4,30.2337
22:58:41.232 > 12362,213,95858786,95845902,8272.07,-65.14,-79.26,34.4,30.2243
22:58:41.285 > 12415,214,95859237,95846353,8270.90,-65.66,-82.12,34.4,30.2243
22:58:41.343 > 12468,215,95859207,95846314,8274.64,-65.82,-79.42,34.4,30.2431
22:58:41.391 > 12521,216,95859157,95846252,8272.00,-66.41,-80.71,34.4,30.2713
22:58:41.443 > 12574,217,95859117,95846220,8256.90,-65.13,-80.56,34.4,30.2525
22:58:41.496 > 12627,218,95859080,95846189,8275.30,-64.80,-77.54,34.4,30.2384
22:58:41.550 > 12680,219,95859039,95846149,8271.41,-65.64,-79.96,34.4,30.2384
22:58:41.602 > 12733,220,95859006,95846116,8268.33,-65.26,-81.66,34.4,30.2384
22:58:41.656 > 12786,221,95858978,95846084,8274.86,-66.54,-81.98,34.4,30.2478
22:58:41.709 > 12839,222,95858947,95846039,8273.03,-65.33,-77.20,34.4,30.2806
22:58:41.761 > 12892,223,95858913,95846023,8272.00,-64.90,-79.72,34.4,30.2384
22:58:41.815 > 12945,224,95858885,95845997,8256.75,-64.74,-78.02,34.4,30.2337
22:58:41.868 > 12998,225,95858877,95845977,8270.90,-65.38,-77.75,34.4,30.2619
22:58:41.921 > 13051,226,95858839,95845949,8255.87,-65.62,-79.71,34.4,30.2384
22:58:41.974 > 13104,227,95858842,95845947,8272.44,-65.30,-78.53,34.4,30.2478
22:58:42.026 > 13157,228,95858832,95845925,8268.77,-67.13,-81.03,34.4,30.2760
22:58:42.080 > 13210,229,95858823,95845925,8269.80,-66.20,-79.11,34.4,30.2572
22:58:42.133 > 13263,230,95858803,95845917,8268.77,-65.41,-81.09,34.4,30.2290
22:58:42.185 > 13316,231,95858807,95845913,8256.90,-65.62,-81.49,34.4,30.2478
22:58:42.239 > 13369,232,95858799,95845912,8274.05,-66.37,-82.70,34.4,30.2290
22:58:42.292 > 13422,233,95858798,95845913,8253.82,-66.12,-81.78,34.4,30.2243
22:58:42.344 > 13475,234,95858794,95845902,8258.36,-65.61,-80.45,34.4,30.2431
22:58:42.397 > 13528,235,95858802,95845920,8268.85,-66.56,-82.52,34.4,30.2197
22:58:42.451 > 13581,236,95858804,95845916,8269.43,-66.47,-83.29,34.4,30.2337
22:58:42.503 > 13634,237,95858822,95845929,8270.24,-66.07,-82.76,34.4,30.2431
22:58:42.557 > 13687,238,95858825,95845937,8268.55,-65.14,-78.65,34.4,30.2337
22:58:42.609 > 13740,239,95858844,95845942,8271.85,-66.63,-82.06,35.4,30.2666
22:58:42.663 > 13793,240,95858852,95845952,8270.61,-65.09,-80.15,34.4,30.2619
22:58:42.716 > 13846,241,95858877,95845997,8271.27,-64.79,-77.66,34.4,30.2150
22:58:42.769 > 13899,242,95858895,95845996,8257.85,-64.54,-77.70,34.4,30.2572
22:58:42.822 > 13952,243,95858925,95846025,8269.58,-64.62,-79.69,35.4,30.2619
22:58:42.875 > 14005,244,95858937,95846054,8274.27,-64.74,-77.36,34.4,30.2197
22:58:42.928 > 14058,245,95858977,95846075,8256.31,-64.83,-79.21,34.4,30.2666
22:58:42.981 > 14111,246,95859003,95846105,8257.26,-64.94,-76.98,34.4,30.2572
22:58:43.034 > 14164,247,95859043,95846155,8255.14,-64.89,-79.29,34.4,30.2337
22:58:43.087 > 14217,248,95859075,95846175,8274.49,-65.45,-77.85,34.4,30.2619
22:58:43.140 > 14270,249,95859119,95846233,8258.73,-66.93,-82.89,34.4,30.2290
22:58:43.193 > 14323,250,95859157,95846257,8257.70,-64.86,-78.75,34.4,30.2619
22:58:43.246 > 14376,251,95859211,95846316,8271.12,-64.85,-77.38,34.4,30.2478
22:58:43.299 > 14429,252,95859239,95846353,8269.58,-64.64,-80.74,34.4,30.2290
22:58:43.351 > 14482,253,95858792,95845911,8271.19,-64.96,-80.59,34.4,30.2150
22:58:43.404 > 14535,254,95858836,95845942,8270.68,-66.14,-81.02,35.4,30.2478
22:58:43.458 > 14588,255,95858900,95845998,8255.43,-65.51,-78.63,34.4,30.2666
22:58:43.510 > 14641,256,95858950,95846048,8254.40,-65.20,-77.77,34.4,30.2666
22:58:43.564 > 14694,257,95859020,95846120,8256.38,-67.18,-79.97,34.4,30.2619
22:58:43.617 > 14747,258,95859074,95846180,8254.55,-66.89,-81.24,34.4,30.2478
22:58:43.670 > 14800,259,95859150,95846259,8270.75,-64.85,-77.71,34.4,30.2384
22:58:43.723 > 14853,260,95859209,95846316,8270.02,-65.11,-77.73,34.4,30.2431
22:58:43.775 > 14906,261,95859285,95846392,8257.92,-66.22,-79.97,34.4,30.2431
22:58:43.829 > 14959,262,95858843,95845953,8258.21,-65.67,-79.53,34.4,30.2384
22:58:43.882 > 15012,263,95858921,95846041,8256.02,-65.30,-79.89,34.4,30.2150
22:58:43.935 > 15065,264,95858996,95846112,8268.26,-65.27,-81.61,34.4,30.2243
22:58:43.988 > 15118,265,95859090,95846196,8254.11,-64.91,-78.10,34.4,30.2478
22:58:44.041 > 15171,266,95859164,95846268,8270.31,-64.79,-78.97,34.4,30.2525
22:58:44.094 > 15224,267,95859258,95846358,8269.80,-65.97,-81.98,34.4,30.2619
22:58:44.147 > 15277,268,95858833,95845931,8257.48,-66.68,-80.88,34.4,30.2666
22:58:44.200 > 15330,269,95858915,95846024,8254.99,-64.91,-79.35,34.4,30.2384
22:58:44.253 > 15383,270,95859012,95846115,8258.66,-65.52,-82.06,34.4,30.2525
22:58:44.305 > 15436,271,95859110,95846218,8255.28,-64.72,-79.67,34.4,30.2431
22:58:44.373 > 15489,272,95859201,95846307,8255.50,-65.21,-77.70,34.4,30.2478
22:58:44.412 > 15542,273,95858795,95845905,8258.00,-64.84,-80.54,34.4,30.2384
22:58:44.465 > 15595,274,95858901,95846013,8255.94,-65.75,-79.58,34.4,30.2337
22:58:44.517 > 15648,275,95859016,95846130,8257.41,-65.12,-77.35,34.4,30.2290
22:58:44.571 > 15701,276,95859119,95846222,8254.11,-65.99,-82.27,34.4,30.2525
22:58:44.624 > 15754,277,95859235,95846346,8258.21,-65.51,-80.08,34.4,30.2337
22:58:44.677 > 15807,278,95858836,95845943,8258.36,-65.22,-78.74,34.4,30.2431
22:58:44.729 > 15860,279,95858958,95846062,8255.58,-65.05,-77.82,34.4,30.2525
22:58:44.783 > 15913,280,95859074,95846181,8254.33,-66.57,-79.81,34.4,30.2431
22:58:44.836 > 15966,281,95859210,95846316,8251.18,-65.40,-77.72,34.4,30.2478
22:58:44.888 > 16019,282,95858812,95845924,8255.65,-65.33,-77.43,34.4,30.2337
22:58:44.942 > 16072,283,95858955,95846049,8254.70,-66.35,-78.18,34.4,30.2760
22:58:44.995 > 16125,284,95859079,95846175,8254.48,-65.18,-77.40,34.4,30.2713
22:58:45.048 > 16178,285,95859223,95846315,8257.70,-66.18,-79.94,34.4,30.2806
22:58:45.100 > 16231,286,95858827,95845933,8255.94,-66.32,-79.29,35.4,30.2478
22:58:45.153 > 16284,287,95858990,95846073,8258.07,-65.72,-79.50,34.4,30.2994
22:58:45.207 > 16337,288,95859107,95846215,8253.96,-65.07,-79.67,34.4,30.2431
22:58:45.260 > 16390,289,95859266,95846367,8257.85,-65.57,-77.23,34.4,30.2572
22:58:45.325 > 16443,290,95858883,95845986,8254.99,-65.71,-77.60,34.4,30.2525
22:58:45.365 > 16496,291,95859032,95846133,8251.69,-66.24,-80.72,34.4,30.2572
22:58:45.418 > 16549,292,95859174,95846281,8254.11,-66.92,-81.85,34.4,30.2431
22:58:45.472 > 16602,293,95858824,95845934,8252.79,-65.89,-77.61,34.4,30.2384
22:58:45.524 > 16655,294,95858968,95846072,8251.54,-65.33,-78.46,34.4,30.2525
22:58:45.578 > 16708,295,95859129,95846238,8251.10,-66.24,-82.96,34.4,30.2384
22:58:45.631 > 16761,296,95859293,95846393,8257.55,-66.52,-81.28,34.4,30.2619
22:58:45.684 > 16814,297,95858941,95846045,8255.43,-66.28,-82.85,34.4,30.2525
22:58:45.737 > 16867,298,95859086,95846191,8252.79,-66.79,-81.96,34.4,30.2478
22:58:45.790 > 16920,299,95859270,95846378,8258.66,-65.60,-77.43,34.4,30.2431
22:58:45.842 > 16973,300,95858910,95846014,8257.26,-66.43,-81.28,34.4,30.2525
22:58:45.895 > 17026,301,95859086,95846192,8252.86,-66.86,-81.34,34.4,30.2478
22:58:45.948 > 17079,302,95859260,95846361,8254.84,-66.67,-83.41,34.4,30.2572
22:58:46.002 > 17132,303,95858922,95846021,8250.37,-65.38,-79.24,34.4,30.2619
22:58:46.055 > 17185,304,95859090,95846189,8256.31,-65.88,-79.06,34.4,30.2619
22:58:46.108 > 17238,305,95859284,95846383,8258.36,-65.52,-77.76,34.4,30.2619
22:58:46.161 > 17291,306,95858938,95846041,8256.82,-65.93,-77.72,34.4,30.2525
22:58:46.214 > 17344,307,95859125,95846235,8251.47,-66.12,-82.14,34.4,30.2384
22:58:46.267 > 17397,308,95858792,95845897,8251.32,-65.39,-80.60,34.4,30.2478
22:58:46.319 > 17450,309,95858987,95846096,8249.56,-65.91,-80.45,34.4,30.2384
22:58:46.373 > 17503,310,95859176,95846276,8254.18,-66.96,-83.01,34.4,30.2619
22:58:46.426 > 17556,311,95858856,95845966,8254.70,-65.95,-80.48,34.4,30.2384
22:58:46.479 > 17609,312,95859050,95846145,8249.56,-66.45,-81.99,34.4,30.2713
22:58:46.531 > 17662,313,95859253,95846360,8253.08,-65.30,-80.40,34.4,30.2431
22:58:46.585 > 17715,314,95858932,95846040,8253.52,-66.12,-83.38,34.4,30.2431
22:58:46.638 > 17768,315,95859148,95846248,8253.89,-65.89,-78.18,34.4,30.2619
22:58:46.691 > 17821,316,95858828,95845927,8253.45,-66.09,-79.01,34.4,30.2619
22:58:46.744 > 17874,317,95859041,95846138,8257.63,-67.15,-83.53,34.4,30.2666
22:58:46.797 > 17927,318,95859241,95846350,8253.82,-65.59,-80.85,34.4,30.2384
22:58:46.850 > 17980,319,95858961,95846050,8253.16,-66.20,-77.95,34.4,30.2853
22:58:46.903 > 18033,320,95859154,95846255,8253.60,-66.74,-81.33,34.4,30.2572
22:58:46.956 > 18086,321,95858868,95845975,8251.76,-65.68,-81.14,34.4,30.2431
22:58:47.009 > 18139,322,95859079,95846187,8250.44,-66.47,-80.34,34.4,30.2431
22:58:47.062 > 18192,323,95858791,95845895,8250.22,-66.86,-82.14,34.4,30.2525
22:58:47.114 > 18245,324,95859024,95846125,8252.50,-66.39,-79.64,34.4,30.2572
22:58:47.168 > 18298,325,95859236,95846342,8252.86,-67.02,-82.32,34.4,30.2478
22:58:47.221 > 18351,326,95858966,95846054,8252.79,-67.18,-81.00,34.4,30.2900
22:58:47.274 > 18404,327,95859188,95846300,8253.38,-66.20,-81.70,34.4,30.2337
22:58:47.340 > 18457,328,95858899,95846004,8253.82,-65.75,-79.06,34.4,30.2478
22:58:47.380 > 18510,329,95859148,95846249,8251.98,-65.69,-77.54,34.4,30.2572
22:58:47.433 > 18563,330,95858867,95845969,8251.91,-66.26,-81.61,34.4,30.2572
22:58:47.486 > 18616,331,95859107,95846212,8251.69,-66.43,-80.64,34.4,30.2478
22:58:47.538 > 18669,332,95858826,95845940,8250.81,-65.94,-79.07,34.4,30.2290
22:58:47.592 > 18722,333,95859086,95846182,8249.93,-65.82,-78.03,34.4,30.2713
22:58:47.644 > 18775,334,95858813,95845917,8257.26,-65.67,-77.51,34.4,30.2525
22:58:47.698 > 18828,335,95859068,95846167,8257.63,-65.81,-77.63,34.4,30.2619
22:58:47.751 > 18881,336,95858810,95845913,8258.58,-65.43,-77.11,34.4,30.2525
22:58:47.804 > 18934,337,95859062,95846156,8250.22,-66.28,-82.06,34.4,30.2760
22:58:47.856 > 18987,338,95858798,95845901,8254.84,-65.76,-81.44,34.4,30.2525
22:58:47.909 > 19040,339,95859067,95846171,8257.26,-65.82,-81.51,34.4,30.2525
22:58:47.963 > 19093,340,95858804,95845912,8256.75,-65.29,-80.84,34.4,30.2431
22:58:48.015 > 19146,341,95859082,95846173,8255.72,-65.57,-77.71,34.4,30.2806
22:58:48.069 > 19199,342,95858826,95845925,8256.82,-65.75,-78.35,34.4,30.2619
22:58:48.121 > 19252,343,95859097,95846190,8250.44,-65.30,-78.71,34.4,30.2760
22:58:48.175 > 19305,344,95858842,95845944,8249.86,-67.02,-83.09,34.4,30.2572
22:58:48.228 > 19358,345,95859131,95846233,8258.58,-65.56,-81.37,34.4,30.2572
22:58:48.281 > 19411,346,95858886,95845983,8255.43,-65.41,-77.35,34.4,30.2666
22:58:48.347 > 19464,347,95859169,95846272,8257.19,-65.85,-79.45,34.4,30.2525
22:58:48.386 > 19517,348,95858933,95846040,8257.55,-66.16,-81.93,34.4,30.2431
22:58:48.440 > 19570,349,95859220,95846316,8257.19,-67.45,-81.78,34.4,30.2713
22:58:48.492 > 19623,350,95858985,95846084,8251.32,-67.00,-83.02,34.4,30.2619
22:58:48.545 > 19676,351,95859276,95846383,8257.26,-65.60,-78.51,34.4,30.2431
22:58:48.599 > 19729,352,95859050,95846154,8258.29,-66.12,-80.37,34.4,30.2525
22:58:48.652 > 19782,353,95858838,95845939,8249.56,-66.45,-80.37,34.4,30.2572
22:58:48.704 > 19835,354,95859138,95846229,8256.09,-67.34,-81.03,34.4,30.2806
22:58:48.758 > 19888,355,95858916,95846026,8252.94,-65.87,-79.84,34.4,30.2384
22:58:48.811 > 19941,356,95859205,95846305,8257.70,-65.30,-78.29,34.4,30.2619
22:58:48.864 > 19994,357,95859020,95846116,8250.15,-66.98,-80.28,34.4,30.2713
22:58:48.917 > 20047,358,95858793,95845896,8253.01,-65.47,-80.33,34.4,30.2525
22:58:48.970 > 20100,359,95859110,95846205,8255.43,-65.71,-79.77,34.4,30.2713
22:58:49.023 > 20153,360,95858904,95845999,8253.08,-65.35,-79.07,34.4,30.2713
22:58:49.075 > 20206,361,95859214,95846316,8253.38,-65.46,-78.48,35.4,30.2572
22:58:49.129 > 20259,362,95859009,95846104,8253.74,-65.98,-78.08,34.4,30.2713
22:58:49.182 > 20312,363,95858834,95845926,8258.36,-65.82,-77.76,34.4,30.2806
22:58:49.235 > 20365,364,95859139,95846238,8256.53,-65.52,-77.21,34.4,30.2619
22:58:49.288 > 20418,365,95858951,95846055,8250.37,-65.60,-77.26,34.4,30.2525
22:58:49.342 > 20471,366,95859262,95846359,8256.02,-65.66,-77.29,34.4,30.2666
22:58:49.394 > 20524,367,95859078,95846176,8256.68,-65.74,-77.62,34.4,30.2666
22:58:49.446 > 20577,368,95858892,95845981,8257.12,-65.93,-77.91,34.4,30.2853
22:58:49.500 > 20630,369,95859209,95846311,8250.74,-65.85,-78.52,34.4,30.2572
22:58:49.552 > 20683,370,95859028,95846121,8255.65,-65.49,-79.00,34.4,30.2760
22:58:49.606 > 20736,371,95858850,95845942,8249.49,-65.34,-79.26,34.4,30.2806
22:58:49.659 > 20789,372,95859176,95846277,8255.80,-65.50,-79.97,34.4,30.2572
22:58:49.711 > 20842,373,95859014,95846109,8251.69,-67.20,-81.07,34.4,30.2713
22:58:49.765 > 20895,374,95858826,95845923,8257.78,-65.55,-77.64,34.4,30.2666
22:58:49.818 > 20948,375,95859172,95846264,8256.38,-65.61,-79.65,34.4,30.2806
22:58:49.871 > 21001,376,95859003,95846093,8253.96,-65.67,-77.19,34.4,30.2853
22:58:49.923 > 21054,377,95858836,95845933,8252.50,-65.82,-78.26,34.4,30.2666
22:58:49.977 > 21107,378,95859175,95846270,8252.86,-65.71,-80.23,34.4,30.2713
22:58:50.030 > 21160,379,95859024,95846113,8255.87,-66.62,-79.50,34.4,30.2853
22:58:50.082 > 21213,380,95858854,95845942,8258.36,-65.71,-79.75,35.4,30.2900
22:58:50.136 > 21266,381,95859212,95846310,8255.14,-66.96,-80.04,34.4,30.2666
22:58:50.189 > 21319,382,95859039,95846145,8250.08,-65.42,-79.70,34.4,30.2478
22:58:50.242 > 21372,383,95858906,95845992,8256.90,-65.99,-79.35,34.4,30.2947
22:58:50.295 > 21425,384,95859255,95846350,8254.84,-66.99,-83.46,34.4,30.2713
22:58:50.353 > 21478,385,95859108,95846201,8253.96,-66.18,-80.94,34.4,30.2760
22:58:50.400 > 21531,386,95858963,95846058,8250.88,-65.55,-78.71,34.4,30.2713
22:58:50.454 > 21584,387,95858831,95845922,8257.26,-67.00,-80.28,34.4,30.2806
22:58:50.507 > 21637,388,95859187,95846279,8255.21,-65.94,-81.45,34.4,30.2806
22:58:50.559 > 21690,389,95859057,95846161,8256.68,-65.82,-80.71,34.4,30.2525
22:58:50.612 > 21743,390,95858913,95846017,8252.06,-65.65,-79.78,34.4,30.2525
22:58:50.666 > 21796,391,95859298,95846395,8257.33,-65.71,-80.00,34.4,30.2666
22:58:50.718 > 21849,392,95859164,95846265,8252.57,-65.55,-79.59,34.4,30.2572
22:58:50.772 > 21902,393,95859042,95846137,8252.94,-66.18,-80.57,34.4,30.2713
22:58:50.824 > 21955,394,95858914,95846004,8252.42,-65.80,-79.27,34.4,30.2853
22:58:50.877 > 22008,395,95858804,95845894,8250.15,-65.24,-80.64,34.4,30.2853
22:58:50.930 > 22061,396,95859180,95846275,8258.58,-65.23,-80.26,34.4,30.2713
22:58:50.984 > 22114,397,95859077,95846168,8253.74,-65.45,-77.28,34.4,30.2806
22:58:51.036 > 22167,398,95858957,95846054,8258.07,-65.47,-77.62,34.4,30.2666
22:58:51.089 > 22220,399,95858841,95845937,8253.08,-64.97,-78.43,34.4,30.2713
22:58:51.143 > 22273,400,95859235,95846324,8252.94,-65.70,-80.29,34.4,30.2853
22:58:51.196 > 22326,401,95859142,95846225,8255.21,-66.52,-84.18,34.4,30.2994
22:58:51.248 > 22379,402,95859022,95846117,8257.26,-65.89,-78.22,34.4,30.2713
22:58:51.301 > 22432,403,95858917,95846022,8256.02,-66.12,-79.98,34.4,30.2478
22:58:51.354 > 22485,404,95858821,95845906,8256.24,-65.51,-77.30,34.4,30.2947
22:58:51.407 > 22538,405,95859218,95846314,8253.74,-65.56,-79.02,34.4,30.2713
22:58:51.460 > 22591,406,95859116,95846215,8252.28,-65.83,-81.98,34.4,30.2619
22:58:51.514 > 22644,407,95859036,95846134,8251.98,-64.89,-78.17,34.4,30.2666
22:58:51.566 > 22697,408,95858927,95846017,8249.93,-65.79,-81.50,34.4,30.2853
22:58:51.619 > 22750,409,95858841,95845939,8254.84,-65.59,-79.29,34.4,30.2666
22:58:51.673 > 22803,410,95859259,95846358,8252.42,-65.41,-81.76,34.4,30.2619
22:58:51.725 > 22856,411,95859176,95846262,8253.45,-65.28,-79.69,34.4,30.2947
22:58:51.779 > 22909,412,95859072,95846167,8254.84,-64.70,-77.50,35.4,30.2713
22:58:51.832 > 22962,413,95859005,95846088,8252.50,-64.53,-80.35,34.4,30.2994
22:58:51.885 > 23015,414,95858905,95845991,8251.76,-64.82,-78.67,34.4,30.2947
22:58:51.938 > 23068,415,95858829,95845923,8254.26,-64.80,-77.81,34.4,30.2760
22:58:51.991 > 23121,416,95859249,95846346,8251.32,-65.53,-82.94,34.4,30.2666
22:58:52.043 > 23174,417,95859172,95846266,8251.32,-64.60,-79.60,34.4,30.2760
22:58:52.097 > 23227,418,95859091,95846186,8257.04,-64.46,-78.65,34.4,30.2713
22:58:52.150 > 23280,419,95859027,95846121,8251.98,-64.64,-78.04,34.4,30.2760
22:58:52.202 > 23333,420,95858941,95846035,8239.00,-66.16,-84.48,34.4,30.2760
22:58:52.256 > 23386,421,95858874,95845972,8252.13,-66.71,-84.35,34.4,30.2666
22:58:52.308 > 23439,422,95858803,95845902,8253.96,-65.45,-81.21,34.4,30.2619
22:58:52.372 > 23492,423,95859251,95846342,8254.70,-64.87,-80.05,34.4,30.2806
22:58:52.415 > 23545,424,95859170,95846258,8249.49,-64.63,-80.00,34.4,30.2900
22:58:52.467 > 23598,425,95859119,95846220,8239.88,-64.95,-80.59,34.4,30.2572
22:58:52.521 > 23651,426,95859047,95846140,8251.54,-65.19,-80.08,34.4,30.2760
22:58:52.573 > 23704,427,95858988,95846081,8249.93,-65.33,-80.67,34.4,30.2760
22:58:52.626 > 23757,428,95858929,95846029,8238.27,-65.37,-81.01,34.4,30.2619
22:58:52.680 > 23810,429,95858882,95845971,8253.16,-65.50,-81.02,34.4,30.2853
22:58:52.733 > 23863,430,95858812,95845909,8251.18,-65.50,-77.45,34.4,30.2666
22:58:52.785 > 23916,431,95859284,95846375,8252.57,-65.38,-78.36,34.4,30.2806
22:58:52.838 > 23969,432,95859215,95846310,8250.74,-65.87,-78.68,34.4,30.2713
22:58:52.891 > 24022,433,95859174,95846271,8253.82,-65.85,-80.30,34.4,30.2666
22:58:52.944 > 24075,434,95859125,95846224,8253.23,-66.14,-82.00,34.4,30.2619
22:58:52.998 > 24128,435,95859091,95846182,8251.91,-65.80,-77.97,34.4,30.2806
22:58:53.050 > 24181,436,95859026,95846131,8252.20,-65.72,-79.73,34.4,30.2478
22:58:53.103 > 24234,437,95859004,95846108,8237.83,-66.80,-84.46,34.4,30.2525
22:58:53.156 > 24287,438,95858958,95846050,8256.38,-65.17,-77.91,34.4,30.2806
22:58:53.209 > 24340,439,95858921,95846019,8239.37,-64.47,-80.01,34.4,30.2666
22:58:53.263 > 24393,440,95858892,95845988,8250.81,-64.87,-77.86,34.4,30.2713
22:58:53.321 > 24446,441,95858857,95845957,8253.67,-65.46,-80.34,34.4,30.2619
22:58:53.368 > 24499,442,95858831,95845923,8252.42,-66.57,-80.66,34.4,30.2806
22:58:53.421 > 24552,443,95858813,95845909,8251.54,-65.55,-81.03,34.4,30.2713
22:58:53.475 > 24605,444,95859282,95846380,8238.12,-65.67,-78.64,35.4,30.2666
22:58:53.527 > 24658,445,95859254,95846346,8250.74,-66.61,-81.17,34.4,30.2806
22:58:53.580 > 24711,446,95859234,95846325,8251.03,-65.99,-79.17,34.4,30.2806
22:58:53.633 > 24764,447,95859228,95846314,8238.86,-66.22,-79.30,34.4,30.2947
22:58:53.686 > 24817,448,95859208,95846296,8250.74,-65.83,-77.95,35.4,30.2900
22:58:53.739 > 24870,449,95859200,95846290,8251.47,-65.47,-77.26,34.4,30.2853
22:58:53.792 > 24923,450,95859177,95846270,8235.27,-65.99,-80.70,34.4,30.2760
22:58:53.845 > 24976,451,95859176,95846273,8252.94,-65.63,-80.37,34.4,30.2666
22:58:53.898 > 25029,452,95859162,95846256,8251.18,-67.46,-82.56,34.4,30.2760
22:58:53.951 > 25082,453,95859161,95846258,8251.62,-67.05,-82.88,34.4,30.2666
22:58:54.004 > 25135,454,95859157,95846252,8239.96,-65.91,-78.71,34.4,30.2713
22:58:54.057 > 25188,455,95859165,95846255,8237.17,-66.03,-80.64,35.4,30.2853
22:58:54.110 > 25241,456,95859168,95846260,8254.62,-65.52,-79.23,34.4,30.2806
22:58:54.164 > 25294,457,95859179,95846274,8236.81,-66.28,-81.75,34.4,30.2713
22:58:54.217 > 25347,458,95859177,95846271,8250.74,-65.32,-80.14,34.4,30.2760
22:58:54.269 > 25400,459,95859202,95846287,8234.24,-65.12,-77.20,34.4,30.2947
22:58:54.322 > 25453,460,95859212,95846302,8250.00,-66.87,-80.33,34.4,30.2853
22:58:54.375 > 25506,461,95859230,95846320,8238.35,-65.28,-79.20,34.4,30.2853
22:58:54.428 > 25559,462,95859239,95846336,8250.96,-65.28,-79.93,34.4,30.2666
22:58:54.481 > 25612,463,95859278,95846363,8239.81,-66.53,-80.22,34.4,30.2947
22:58:54.534 > 25665,464,95859289,95846376,8249.86,-65.48,-78.32,34.4,30.2900
22:58:54.587 > 25718,465,95858804,95845897,8250.66,-65.35,-81.15,34.4,30.2760
22:58:54.640 > 25771,466,95858832,95845922,8249.42,-66.18,-79.36,34.4,30.2853
22:58:54.693 > 25824,467,95858850,95845954,8237.91,-65.61,-80.89,34.4,30.2525
22:58:54.746 > 25877,468,95858888,95845983,8239.00,-65.36,-78.08,34.4,30.2713
22:58:54.799 > 25930,469,95858926,95846016,8251.98,-65.53,-80.96,34.4,30.2853
22:58:54.852 > 25983,470,95858960,95846044,8249.86,-64.97,-77.46,34.4,30.2994
22:58:54.905 > 26036,471,95858992,95846092,8239.67,-66.20,-82.41,34.4,30.2619
22:58:54.958 > 26089,472,95859034,95846125,8250.00,-66.85,-81.57,34.4,30.2806
22:58:55.011 > 26142,473,95859081,95846172,8250.15,-65.53,-77.96,34.4,30.2806
22:58:55.064 > 26195,474,95859114,95846214,8251.03,-65.40,-80.23,34.4,30.2619
22:58:55.117 > 26248,475,95859168,95846255,8251.47,-64.99,-79.29,34.4,30.2900
22:58:55.170 > 26301,476,95859218,95846307,8249.71,-65.10,-77.89,34.4,30.2853
22:58:55.223 > 26354,477,95859276,95846367,8237.98,-65.41,-78.46,34.4,30.2806
22:58:55.276 > 26407,478,95858803,95845895,8250.30,-65.12,-81.12,34.4,30.2806
22:58:55.343 > 26460,479,95858861,95845956,8239.45,-66.24,-83.62,34.4,30.2713
22:58:55.382 > 26513,480,95858920,95846004,8238.49,-64.72,-79.75,34.4,30.2994
22:58:55.435 > 26566,481,95858978,95846066,8249.64,-65.81,-82.91,34.4,30.2900
22:58:55.488 > 26619,482,95859042,95846126,8252.50,-64.66,-78.67,34.4,30.2994
22:58:55.541 > 26672,483,95859104,95846198,8237.61,-65.79,-82.37,34.4,30.2760
22:58:55.594 > 26725,484,95859169,95846257,8238.20,-64.66,-78.55,34.4,30.2900
22:58:55.647 > 26778,485,95859233,95846327,8234.83,-66.26,-82.76,34.4,30.2760
22:58:55.700 > 26831,486,95859301,95846393,8237.54,-65.10,-79.65,34.4,30.2806
22:58:55.753 > 26884,487,95858856,95845956,8251.62,-64.99,-80.91,34.4,30.2619
22:58:55.806 > 26937,488,95858941,95846031,8231.89,-65.58,-81.72,34.4,30.2853
22:58:55.859 > 26990,489,95859020,95846109,8234.53,-65.04,-77.55,34.4,30.2853
22:58:55.912 > 27043,490,95859094,95846185,8236.15,-67.35,-83.72,34.4,30.2806
22:58:55.965 > 27096,491,95859173,95846270,8236.51,-65.20,-79.47,34.4,30.2666
22:58:56.018 > 27149,492,95859251,95846341,8237.47,-65.61,-80.20,34.4,30.2853
22:58:56.071 > 27202,493,95858823,95845917,8238.57,-65.43,-77.76,34.4,30.2760
22:58:56.124 > 27255,494,95858908,95845986,8237.76,-65.77,-78.48,34.4,30.3135
22:58:56.177 > 27308,495,95859009,95846095,8236.59,-65.43,-77.16,34.4,30.2947
22:58:56.230 > 27361,496,95859090,95846173,8235.49,-66.12,-78.73,34.4,30.2994
22:58:56.283 > 27414,497,95859184,95846275,8234.31,-65.95,-81.14,34.4,30.2806
22:58:56.350 > 27467,498,95859272,95846368,8236.00,-65.41,-77.45,34.4,30.2713
22:58:56.389 > 27520,499,95858864,95845954,8237.69,-65.20,-80.67,34.4,30.2853
22:58:56.442 > 27573,500,95858961,95846053,8236.51,-66.30,-79.34,34.4,30.2806
22:58:56.495 > 27626,501,95859067,95846154,8236.51,-66.66,-79.96,34.4,30.2900
22:58:56.548 > 27679,502,95859165,95846251,8250.30,-65.73,-79.87,34.4,30.2947
22:58:56.601 > 27732,503,95859282,95846367,8234.90,-65.67,-78.64,34.4,30.2947
22:58:56.654 > 27785,504,95858865,95845963,8249.78,-65.97,-81.40,34.4,30.2666
22:58:56.707 > 27838,505,95858985,95846076,8237.03,-65.55,-81.27,34.4,30.2806
22:58:56.760 > 27891,506,95859099,95846180,8250.15,-65.45,-78.58,34.4,30.3041
22:58:56.813 > 27944,507,95859223,95846321,8233.21,-67.01,-82.60,34.4,30.2666
22:58:56.866 > 27997,508,95858826,95845908,8233.43,-65.75,-77.93,34.4,30.3041
22:58:56.919 > 28050,509,95858949,95846043,8235.27,-65.35,-78.13,34.4,30.2760
22:58:56.972 > 28103,510,95859062,95846152,8238.49,-65.79,-81.69,34.4,30.2853
22:58:57.025 > 28156,511,95859201,95846294,8234.75,-66.12,-78.31,34.4,30.2760
22:58:57.078 > 28209,512,95858802,95845891,8237.25,-65.45,-80.90,34.4,30.2853
22:58:57.131 > 28262,513,95858951,95846030,8233.14,-66.16,-78.08,34.4,30.3088
22:58:57.184 > 28315,514,95859068,95846155,8239.74,-65.87,-77.45,34.4,30.2900
22:58:57.237 > 28368,515,95859211,95846295,8238.49,-65.93,-78.21,34.4,30.2994
22:58:57.290 > 28421,516,95858829,95845920,8234.68,-66.16,-78.07,34.4,30.2806
22:58:57.343 > 28474,517,95858974,95846061,8234.68,-65.81,-79.11,34.4,30.2900
22:58:57.396 > 28527,518,95859111,95846190,8234.02,-65.48,-78.99,34.4,30.3088
22:58:57.449 > 28580,519,95859248,95846344,8234.53,-66.30,-82.82,34.4,30.2713
22:58:57.502 > 28633,520,95858886,95845969,8235.63,-65.58,-77.32,34.4,30.2994
22:58:57.555 > 28686,521,95859038,95846119,8235.12,-65.51,-79.25,34.4,30.3041
22:58:57.608 > 28739,522,95859179,95846275,8236.00,-65.42,-80.58,34.4,30.2713
22:58:57.661 > 28792,523,95858829,95845917,8236.44,-66.99,-81.13,34.4,30.2900
22:58:57.714 > 28845,524,95858988,95846074,8233.65,-65.95,-79.99,34.4,30.2947
22:58:57.767 > 28898,525,95859152,95846227,8238.12,-66.79,-80.67,34.4,30.3182
22:58:57.820 > 28951,526,95859293,95846382,8235.19,-65.52,-77.75,34.4,30.2853
22:58:57.873 > 29004,527,95858965,95846051,8231.60,-65.19,-78.02,34.4,30.2947
22:58:57.926 > 29057,528,95859118,95846212,8231.89,-65.11,-80.66,34.4,30.2760
22:58:57.979 > 29110,529,95859296,95846386,8231.31,-64.73,-79.02,34.4,30.2853
22:58:58.032 > 29163,530,95858941,95846033,8233.73,-64.75,-77.44,34.4,30.2806
22:58:58.085 > 29216,531,95859124,95846218,8238.64,-65.02,-81.09,34.4,30.2760
22:58:58.138 > 29269,532,95859295,95846379,8239.08,-64.94,-79.16,34.4,30.2994
22:58:58.191 > 29322,533,95858966,95846054,8231.60,-65.97,-79.93,34.4,30.2900
22:58:58.244 > 29375,534,95859148,95846229,8233.43,-66.97,-80.64,34.4,30.3041
22:58:58.297 > 29428,535,95858830,95845915,8238.93,-67.10,-80.08,34.4,30.2947
22:58:58.351 > 29481,536,95858998,95846086,8235.49,-65.63,-81.26,34.4,30.2900
22:58:58.403 > 29534,537,95859189,95846285,8237.61,-65.15,-81.13,34.4,30.2713
22:58:58.456 > 29587,538,95858857,95845944,8234.02,-64.73,-80.14,34.4,30.2900
22:58:58.509 > 29640,539,95859063,95846139,8231.01,-66.60,-83.92,34.4,30.3182
22:58:58.562 > 29693,540,95859244,95846331,8234.97,-65.09,-80.68,34.4,30.2900
22:58:58.615 > 29746,541,95858939,95846027,8233.51,-64.79,-80.79,34.4,30.2900
22:58:58.668 > 29799,542,95859130,95846217,8233.58,-64.81,-81.34,34.4,30.2900
22:58:58.721 > 29852,543,95858830,95845916,8231.16,-64.64,-77.69,34.4,30.2947
22:58:58.774 > 29905,544,95859021,95846111,8231.53,-65.22,-77.82,34.4,30.2853
22:58:58.827 > 29958,545,95859234,95846318,8234.02,-64.62,-79.26,34.4,30.2994
22:58:58.880 > 30011,546,95858920,95846010,8231.23,-64.74,-79.27,34.4,30.2853
22:58:58.933 > 30064,547,95859141,95846219,8233.87,-65.09,-77.78,34.4,30.3135
22:58:58.986 > 30117,548,95858828,95845912,8238.86,-65.89,-79.14,34.4,30.2994
22:58:59.039 > 30170,549,95859050,95846131,8231.97,-64.51,-80.04,34.4,30.3041
22:58:59.092 > 30223,550,95859249,95846347,8238.49,-64.14,-80.61,34.4,30.2666
22:58:59.145 > 30276,551,95858967,95846062,8236.07,-64.17,-78.93,34.4,30.2713
22:58:59.198 > 30329,552,95859185,95846268,8232.26,-65.28,-82.15,34.4,30.2994
22:58:59.251 > 30382,553,95858906,95846001,8239.52,-64.41,-78.88,34.4,30.2713
22:58:59.304 > 30435,554,95859123,95846205,8236.15,-64.60,-81.04,34.4,30.3041
22:58:59.357 > 30488,555,95858853,95845937,8231.31,-64.01,-78.87,34.4,30.2994
22:58:59.410 > 30541,556,95859071,95846158,8234.83,-64.16,-81.18,34.4,30.2900
22:58:59.463 > 30594,557,95859315,95846398,8232.48,-65.33,-81.82,34.4,30.2994
22:58:59.516 > 30647,558,95859027,95846113,8239.59,-64.18,-78.46,34.4,30.2947
22:58:59.569 > 30700,559,95859283,95846355,8233.51,-64.65,-78.75,34.4,30.3276
22:58:59.622 > 30753,560,95858996,95846079,8232.11,-64.99,-80.75,34.4,30.2994
22:58:59.675 > 30806,561,95859247,95846334,8238.35,-64.67,-80.11,34.4,30.2900
22:58:59.728 > 30859,562,95858972,95846058,8234.46,-65.40,-78.93,34.4,30.2947
22:58:59.781 > 30912,563,95859227,95846311,8237.76,-66.91,-82.18,34.4,30.2994
22:58:59.834 > 30965,564,95858954,95846035,8231.23,-65.32,-77.66,34.4,30.3041
22:58:59.887 > 31018,565,95859216,95846305,8233.21,-64.98,-77.88,34.4,30.2853
22:58:59.940 > 31071,566,95858945,95846029,8237.10,-65.36,-77.19,34.4,30.2994
22:58:59.993 > 31124,567,95859210,95846302,8239.52,-65.27,-78.26,34.4,30.2806
22:59:00.046 > 31177,568,95858942,95846031,8233.65,-65.48,-81.61,34.4,30.2853
22:59:00.099 > 31230,569,95859212,95846300,8231.97,-65.39,-77.63,34.4,30.2900
22:59:00.152 > 31283,570,95858952,95846042,8237.10,-65.85,-77.80,34.4,30.2853
22:59:00.205 > 31336,571,95859215,95846310,8233.65,-65.57,-78.52,34.4,30.2713
22:59:00.258 > 31389,572,95858960,95846049,8237.91,-65.97,-78.28,34.4,30.2853
22:59:00.311 > 31442,573,95859237,95846326,8231.89,-65.51,-79.79,34.4,30.2853
22:59:00.374 > 31495,574,95858980,95846069,8232.99,-66.22,-79.58,34.4,30.2853
22:59:00.417 > 31548,575,95859266,95846352,8236.44,-65.77,-77.38,34.4,30.2947
22:59:00.470 > 31601,576,95859025,95846104,8239.00,-66.78,-79.90,34.4,30.3088
22:59:00.523 > 31654,577,95859304,95846383,8232.55,-65.85,-80.10,34.4,30.3088
22:59:00.576 > 31707,578,95859058,95846135,8236.88,-65.64,-80.17,34.4,30.3135
22:59:00.629 > 31760,579,95858835,95845915,8235.93,-65.45,-78.30,34.4,30.3088
22:59:00.682 > 31813,580,95859094,95846187,8237.91,-66.24,-79.50,34.4,30.2760
22:59:00.735 > 31866,581,95858878,95845961,8232.33,-65.39,-77.12,34.4,30.2994
22:59:00.788 > 31919,582,95859158,95846247,8232.77,-65.50,-77.77,34.4,30.2853
22:59:00.841 > 31972,583,95858939,95846028,8231.75,-65.55,-81.10,34.4,30.2853
22:59:00.894 > 32025,584,95859224,95846304,8233.07,-66.61,-81.14,34.4,30.3088
22:59:00.947 > 32078,585,95859007,95846097,8231.45,-65.31,-77.25,34.4,30.2853
22:59:01.000 > 32131,586,95859279,95846370,8235.49,-65.05,-78.33,34.4,30.2806
22:59:01.053 > 32184,587,95859080,95846163,8234.53,-65.02,-77.51,34.4,30.2994
22:59:01.106 > 32237,588,95858853,95845945,8238.05,-66.35,-81.42,34.4,30.2806
22:59:01.159 > 32290,589,95859163,95846247,8237.25,-65.67,-79.14,34.4,30.2994
22:59:01.212 > 32343,590,95858940,95846023,8236.59,-66.71,-83.44,34.4,30.2994
22:59:01.265 > 32396,591,95859256,95846337,8234.90,-65.47,-81.17,34.4,30.3041
22:59:01.327 > 32449,592,95859033,95846124,8237.91,-64.72,-78.18,34.4,30.2806
22:59:01.371 > 32502,593,95858841,95845912,8234.83,-64.62,-78.05,34.4,30.3276
22:59:01.424 > 32555,594,95859133,95846221,8236.73,-65.52,-82.38,34.4,30.2900
22:59:01.477 > 32608,595,95858934,95846028,8234.31,-64.77,-81.61,34.4,30.2760
22:59:01.530 > 32661,596,95859243,95846324,8231.45,-64.59,-79.58,34.4,30.3041
22:59:01.583 > 32714,597,95859059,95846140,8236.73,-64.21,-80.13,34.4,30.3041
22:59:01.636 > 32767,598,95858857,95845943,8231.01,-65.02,-80.03,34.4,30.2947
22:59:01.689 > 32820,599,95859179,95846269,8234.83,-64.62,-80.07,34.4,30.2853
22:59:01.742 > 32873,600,95858971,95846056,8234.31,-64.79,-79.89,34.4,30.2947
22:59:01.795 > 32926,601,95859295,95846379,8236.37,-64.30,-79.42,34.4,30.2994
22:59:01.848 > 32979,602,95859109,95846179,8238.42,-64.77,-79.30,34.4,30.3323
22:59:01.901 > 33032,603,95858925,95846001,8237.17,-64.17,-79.50,34.4,30.3182
22:59:01.954 > 33085,604,95859245,95846326,8238.42,-64.92,-79.64,34.4,30.3041
22:59:02.007 > 33138,605,95859061,95846141,8237.91,-64.54,-80.34,34.4,30.3088
22:59:02.060 > 33191,606,95858870,95845956,8237.10,-64.58,-81.16,34.4,30.2947
22:59:02.113 > 33244,607,95859216,95846296,8234.53,-65.65,-81.98,34.4,30.3088
22:59:02.166 > 33297,608,95859033,95846101,8239.30,-64.45,-78.99,34.4,30.3369
22:59:02.219 > 33350,609,95858856,95845931,8235.19,-63.71,-79.17,34.4,30.3182
22:59:02.272 > 33403,610,95859186,95846275,8235.34,-64.73,-81.21,34.4,30.2853
22:59:02.325 > 33456,611,95859027,95846113,8239.81,-63.92,-77.95,34.4,30.2947
22:59:02.378 > 33509,612,95858852,95845943,8231.01,-64.27,-79.64,34.4,30.2806
22:59:02.431 > 33562,613,95859207,95846285,8236.29,-64.38,-81.91,34.4,30.3135
22:59:02.484 > 33615,614,95859031,95846107,8235.85,-64.23,-77.96,34.4,30.3182
22:59:02.537 > 33668,615,95858867,95845957,8237.69,-64.14,-80.22,34.4,30.2853
22:59:02.590 > 33721,616,95859210,95846300,8236.44,-65.71,-80.36,34.4,30.2853
22:59:02.643 > 33774,617,95859060,95846139,8239.37,-64.81,-80.19,34.4,30.3088
22:59:02.696 > 33827,618,95858892,95845978,8231.82,-66.41,-81.31,34.4,30.2947
22:59:02.749 > 33880,619,95859259,95846341,8237.47,-65.87,-82.34,34.4,30.3041
22:59:02.802 > 33933,620,95859097,95846181,8236.88,-65.63,-80.22,34.4,30.2994
22:59:02.855 > 33986,621,95858953,95846035,8232.92,-64.81,-77.20,34.4,30.3041
22:59:02.908 > 34039,622,95859301,95846391,8232.55,-65.47,-79.77,34.4,30.2853
22:59:02.961 > 34092,623,95859169,95846253,8233.51,-65.75,-79.34,34.4,30.2994
22:59:03.014 > 34145,624,95859012,95846103,8233.87,-65.49,-77.27,34.4,30.2806
22:59:03.067 > 34198,625,95858880,95845957,8231.89,-65.13,-80.92,34.4,30.3135
22:59:03.120 > 34251,626,95859235,95846326,8235.56,-64.39,-79.19,34.4,30.2806
22:59:03.173 > 34304,627,95859105,95846194,8236.44,-65.31,-80.47,34.4,30.2853
22:59:03.226 > 34357,628,95858963,95846052,8231.60,-64.67,-78.57,34.4,30.2853
22:59:03.279 > 34410,629,95858840,95845912,8234.68,-64.56,-77.98,34.4,30.3276
22:59:03.342 > 34463,630,95859215,95846292,8235.71,-65.39,-77.72,34.4,30.3135
22:59:03.385 > 34516,631,95859090,95846174,8235.85,-64.56,-77.45,34.4,30.2994
22:59:03.438 > 34569,632,95858959,95846041,8230.87,-65.59,-80.45,34.4,30.3041
22:59:03.491 > 34622,633,95858843,95845919,8231.60,-65.23,-79.12,34.4,30.3182
22:59:03.544 > 34675,634,95859216,95846297,8239.15,-64.81,-77.81,34.4,30.3041
22:59:03.597 > 34728,635,95859099,95846179,8233.36,-65.29,-79.39,34.4,30.3088
22:59:03.650 > 34781,636,95858975,95846054,8234.17,-66.30,-82.33,34.4,30.3088
22:59:03.703 > 34834,637,95858868,95845949,8236.07,-65.47,-81.03,34.4,30.3041
22:59:03.756 > 34887,638,95859260,95846342,8233.51,-65.67,-81.53,34.4,30.3041
22:59:03.809 > 34940,639,95859153,95846244,8235.41,-65.09,-78.45,34.4,30.2806
22:59:03.862 > 34993,640,95859030,95846122,8234.68,-65.19,-78.58,34.4,30.2806
22:59:03.915 > 35046,641,95858931,95846018,8233.36,-65.09,-80.27,34.4,30.2900
22:59:03.968 > 35099,642,95858818,95845898,8239.67,-65.49,-78.56,34.4,30.3088
22:59:04.021 > 35152,643,95859232,95846313,8231.45,-65.89,-80.21,34.4,30.3041
22:59:04.074 > 35205,644,95859125,95846207,8231.38,-65.19,-80.95,34.4,30.3041
22:59:04.127 > 35258,645,95859035,95846118,8221.12,-64.79,-78.24,34.4,30.2994
22:59:04.180 > 35311,646,95858927,95845999,8238.79,-65.45,-81.27,34.4,30.3276
22:59:04.233 > 35364,647,95858833,95845919,8233.29,-64.58,-78.03,35.4,30.2947
22:59:04.286 > 35417,648,95859245,95846324,8234.83,-65.87,-82.97,34.4,30.3088
22:59:04.350 > 35470,649,95859158,95846240,8230.79,-64.88,-78.72,34.4,30.3041
22:59:04.392 > 35523,650,95859065,95846151,8231.67,-64.82,-80.77,34.4,30.2947
22:59:04.445 > 35576,651,95858981,95846049,8220.16,-64.87,-78.65,34.4,30.3369
22:59:04.498 > 35629,652,95858898,95845974,8218.99,-64.85,-78.08,34.4,30.3182
22:59:04.551 > 35682,653,95858810,95845894,8237.69,-64.57,-79.94,34.4,30.2994
22:59:04.604 > 35735,654,95859223,95846308,8233.58,-64.92,-78.67,34.4,30.2947
22:59:04.657 > 35788,655,95859149,95846221,8236.22,-65.61,-77.82,34.4,30.3276
22:59:04.710 > 35841,656,95859058,95846139,8220.82,-65.57,-80.30,34.4,30.3041
22:59:04.763 > 35894,657,95858992,95846068,8232.11,-65.61,-79.68,34.4,30.3182
22:59:04.816 > 35947,658,95858908,95845983,8238.05,-66.07,-80.30,34.4,30.3182
22:59:04.869 > 36000,659,95858839,95845930,8231.09,-65.45,-78.34,34.4,30.2806
22:59:04.922 > 36053,660,95859274,95846356,8233.36,-65.15,-77.37,34.4,30.3041
22:59:04.975 > 36106,661,95859214,95846295,8235.27,-65.23,-78.42,34.4,30.3041
22:59:05.028 > 36159,662,95859136,95846212,8234.68,-65.27,-81.83,34.4,30.3182
22:59:05.081 > 36212,663,95859088,95846157,8234.68,-66.56,-81.00,34.4,30.3323
22:59:05.134 > 36265,664,95859006,95846083,8231.38,-64.19,-77.20,34.4,30.3135
22:59:05.187 > 36318,665,95858954,95846033,8234.83,-65.55,-79.85,34.4,30.3088
22:59:05.240 > 36371,666,95858887,95845967,8234.31,-63.96,-81.99,34.4,30.3088
22:59:05.293 > 36424,667,95858839,95845918,8219.14,-63.92,-77.87,34.4,30.3088
22:59:05.346 > 36477,668,95859279,95846361,8233.07,-66.60,-78.43,34.4,30.3041
22:59:05.399 > 36530,669,95859228,95846320,8232.41,-64.34,-78.63,34.4,30.2806
22:59:05.452 > 36583,670,95859168,95846248,8232.92,-66.56,-78.99,34.4,30.3088
22:59:05.505 > 36636,671,95859128,95846203,8231.75,-66.79,-80.27,34.4,30.3182
22:59:05.558 > 36689,672,95859075,95846148,8239.45,-66.49,-83.67,34.4,30.3229
22:59:05.611 > 36742,673,95859037,95846113,8234.39,-65.37,-80.63,34.4,30.3182
22:59:05.664 > 36795,674,95858981,95846056,8231.97,-65.49,-79.68,34.4,30.3182
22:59:05.717 > 36848,675,95858934,95846028,8237.03,-66.22,-83.12,34.4,30.2760
22:59:05.770 > 36901,676,95858900,95845981,8234.75,-65.67,-79.76,34.4,30.3041
22:59:05.823 > 36954,677,95858867,95845935,8232.99,-65.81,-79.89,34.4,30.3369
22:59:05.876 > 37007,678,95858820,95845892,8235.56,-65.51,-84.07,34.4,30.3276
22:59:05.929 > 37060,679,95859301,95846390,8234.68,-64.92,-79.56,34.4,30.2853
22:59:05.982 > 37113,680,95859266,95846340,8232.04,-65.23,-77.24,34.4,30.3229
22:59:06.035 > 37166,681,95859244,95846321,8219.65,-66.01,-80.36,34.4,30.3135
22:59:06.088 > 37219,682,95859203,95846284,8217.38,-65.59,-77.34,34.4,30.3041
22:59:06.141 > 37272,683,95859185,95846269,8231.82,-65.37,-80.03,34.4,30.2994
22:59:06.194 > 37325,684,95859155,95846241,8232.99,-66.75,-78.72,34.4,30.2947
22:59:06.247 > 37378,685,95859150,95846224,8237.03,-65.60,-77.40,34.4,30.3229
22:59:06.300 > 37431,686,95859112,95846200,8231.09,-66.54,-80.25,34.4,30.2900
22:59:06.354 > 37484,687,95859103,95846189,8231.67,-66.75,-79.91,34.4,30.2947
22:59:06.406 > 37537,688,95859088,95846171,8220.24,-67.75,-80.01,34.4,30.2994
22:59:06.459 > 37590,689,95859087,95846172,8233.43,-66.12,-77.93,34.4,30.2947
22:59:06.512 > 37643,690,95859070,95846146,8218.18,-66.35,-81.21,34.4,30.3182
22:59:06.565 > 37696,691,95859075,95846144,8220.38,-67.83,-84.04,34.4,30.3323
22:59:06.618 > 37749,692,95859059,95846139,8220.31,-66.39,-80.30,34.4,30.3088
22:59:06.671 > 37802,693,95859065,95846156,8219.36,-66.49,-81.18,34.4,30.2806
22:59:06.724 > 37855,694,95859058,95846145,8233.43,-66.05,-80.70,34.4,30.2900
22:59:06.777 > 37908,695,95859082,95846149,8231.60,-65.53,-77.07,34.4,30.3369
22:59:06.830 > 37961,696,95859061,95846145,8220.46,-66.18,-80.65,34.4,30.2994
22:59:06.883 > 38014,697,95859088,95846155,8233.21,-67.26,-77.94,34.4,30.3369
22:59:06.936 > 38067,698,95859085,95846161,8232.11,-65.66,-77.20,35.4,30.3182
22:59:06.989 > 38120,699,95859102,95846187,8232.70,-66.45,-78.88,34.4,30.2947
22:59:07.042 > 38173,700,95859110,95846193,8234.68,-65.93,-79.48,34.4,30.2994
22:59:07.095 > 38226,701,95859140,95846216,8218.62,-66.18,-81.81,34.4,30.3182
22:59:07.148 > 38279,702,95859139,95846221,8220.67,-68.23,-78.81,34.4,30.3041
22:59:07.201 > 38332,703,95859170,95846252,8232.33,-66.24,-79.27,34.4,30.3041
22:59:07.254 > 38385,704,95859182,95846262,8234.39,-65.20,-79.63,34.4,30.3088
22:59:07.323 > 38438,705,95859223,95846298,8217.16,-66.84,-81.25,34.4,30.3182
22:59:07.360 > 38491,706,95859224,95846308,8220.24,-65.72,-79.16,34.4,30.2994
22:59:07.413 > 38544,707,95859268,95846354,8217.45,-67.33,-80.86,34.4,30.2947
22:59:07.466 > 38597,708,95859284,95846366,8231.45,-66.45,-79.00,35.4,30.3041
22:59:07.519 > 38650,709,95858816,95845895,8219.72,-66.37,-81.51,34.4,30.3088
22:59:07.572 > 38703,710,95858837,95845916,8218.11,-66.07,-78.06,34.4,30.3088
22:59:07.625 > 38756,711,95858880,95845953,8217.30,-66.86,-77.61,34.4,30.3229
22:59:07.678 > 38809,712,95858910,95845991,8233.07,-66.61,-79.21,34.4,30.3041
22:59:07.731 > 38862,713,95858959,95846029,8219.21,-65.55,-78.10,34.4,30.3323
22:59:07.784 > 38915,714,95858992,95846067,8216.86,-66.52,-79.99,34.4,30.3182
22:59:07.837 > 38968,715,95859036,95846118,8233.36,-66.09,-79.28,34.4,30.3041
22:59:07.890 > 39021,716,95859069,95846157,8232.70,-66.78,-82.32,34.4,30.2900
22:59:07.943 > 39074,717,95859129,95846207,8233.36,-66.35,-80.76,34.4,30.3135
22:59:07.996 > 39127,718,95859161,95846239,8220.09,-66.65,-78.66,34.4,30.3135
22:59:08.049 > 39180,719,95859225,95846307,8214.37,-68.53,-82.03,34.4,30.3041
22:59:08.102 > 39233,720,95859269,95846341,8217.30,-65.50,-76.96,34.4,30.3276
22:59:08.155 > 39286,721,95858818,95845898,8217.96,-67.22,-78.93,34.4,30.3088
22:59:08.208 > 39339,722,95858859,95845941,8218.70,-66.20,-80.09,34.4,30.3041
22:59:08.261 > 39392,723,95858922,95846001,8216.06,-65.91,-80.30,34.4,30.3088
22:59:08.315 > 39445,724,95858976,95846049,8217.08,-67.20,-81.76,34.4,30.3229
22:59:08.373 > 39498,725,95859041,95846129,8217.23,-65.23,-79.26,34.4,30.2900
22:59:08.420 > 39551,726,95859097,95846169,8217.60,-65.14,-78.13,34.4,30.3276
22:59:08.473 > 39604,727,95859165,95846241,8216.64,-64.67,-78.68,34.4,30.3182
22:59:08.526 > 39657,728,95859218,95846296,8218.70,-66.74,-80.64,34.4,30.3135
22:59:08.579 > 39710,729,95859297,95846373,8218.48,-65.15,-79.67,34.4,30.3182
22:59:08.632 > 39763,730,95858846,95845915,8214.30,-64.44,-78.21,34.4,30.3323
22:59:08.685 > 39816,731,95858924,95846000,8213.86,-64.71,-80.36,34.4,30.3182
22:59:08.738 > 39869,732,95858992,95846062,8219.79,-66.09,-82.67,34.4,30.3323
22:59:08.791 > 39922,733,95859076,95846146,8217.01,-65.09,-77.46,34.4,30.3323
22:59:08.844 > 39975,734,95859140,95846215,8232.41,-64.99,-77.04,34.4,30.3182
22:59:08.897 > 40028,735,95859227,95846306,8220.24,-65.57,-79.56,34.4,30.3088
22:59:08.950 > 40081,736,95859296,95846380,8216.86,-64.83,-78.88,34.4,30.2994
22:59:09.003 > 40134,737,95858881,95845957,8216.57,-65.46,-82.03,34.4,30.3182
22:59:09.056 > 40187,738,95858956,95846034,8213.34,-64.76,-77.57,34.4,30.3135
22:59:09.109 > 40240,739,95859043,95846122,8216.28,-65.05,-79.85,34.4,30.3088
22:59:09.162 > 40293,740,95859124,95846201,8214.59,-64.74,-80.56,34.4,30.3135
22:59:09.215 > 40346,741,95859222,95846301,8232.11,-64.43,-78.29,34.4,30.3088
22:59:09.268 > 40399,742,95859292,95846380,8217.74,-65.36,-80.27,34.4,30.2900
22:59:09.322 > 40452,743,95858889,95845963,8218.48,-64.16,-77.29,34.4,30.3229
22:59:09.374 > 40505,744,95858968,95846051,8218.55,-64.57,-78.27,34.4,30.2994
22:59:09.427 > 40558,745,95859073,95846153,8218.70,-64.67,-76.98,34.4,30.3088
22:59:09.480 > 40611,746,95859160,95846244,8216.28,-65.52,-79.55,34.4,30.2994
22:59:09.533 > 40664,747,95859282,95846345,8219.06,-65.19,-77.75,34.4,30.3463
22:59:09.586 > 40717,748,95858851,95845934,8218.33,-64.79,-79.11,34.4,30.2994
22:59:09.639 > 40770,749,95858965,95846029,8217.96,-64.95,-78.71,35.4,30.3463
22:59:09.692 > 40823,750,95859047,95846134,8230.72,-64.43,-79.62,34.4,30.2900
22:59:09.745 > 40876,751,95859171,95846237,8220.31,-64.75,-78.48,34.4,30.3416
22:59:09.798 > 40929,752,95859264,95846343,8219.87,-65.07,-81.76,34.4,30.3088
22:59:09.851 > 40982,753,95858867,95845941,8216.64,-65.55,-81.79,34.4,30.3229
22:59:09.904 > 41035,754,95858969,95846048,8218.26,-65.19,-79.23,34.4,30.3088
22:59:09.957 > 41088,755,95859096,95846161,8220.09,-64.67,-77.63,34.4,30.3416
22:59:10.010 > 41141,756,95859195,95846267,8216.42,-64.67,-80.87,34.4,30.3276
22:59:10.063 > 41194,757,95859317,95846391,8214.37,-65.09,-80.49,34.4,30.3229
22:59:10.116 > 41247,758,95858908,95845990,8213.93,-65.41,-79.20,34.4,30.3041
22:59:10.169 > 41300,759,95859040,95846113,8215.47,-65.63,-78.33,34.4,30.3229
22:59:10.222 > 41353,760,95859145,95846220,8221.19,-65.63,-77.59,34.4,30.3182
22:59:10.275 > 41406,761,95859269,95846351,8213.34,-66.54,-77.53,34.4,30.3041
22:59:10.328 > 41459,762,95858873,95845952,8219.79,-66.03,-80.74,34.4,30.3088
22:59:10.381 > 41512,763,95859009,95846080,8218.99,-66.80,-78.76,34.4,30.3276
22:59:10.434 > 41565,764,95859117,95846204,8231.75,-65.81,-80.27,34.4,30.2900
22:59:10.487 > 41618,765,95859260,95846337,8215.40,-64.92,-77.00,34.4,30.3135
22:59:10.540 > 41671,766,95858868,95845940,8216.94,-64.71,-80.33,34.4,30.3276
22:59:10.593 > 41724,767,95859022,95846082,8215.91,-64.49,-77.12,34.4,30.3557
22:59:10.646 > 41777,768,95859132,95846211,8221.04,-64.67,-81.13,34.4,30.3088
22:59:10.699 > 41830,769,95859279,95846356,8219.87,-65.65,-79.51,34.4,30.3135
22:59:10.752 > 41883,770,95858894,95845969,8216.28,-65.65,-78.01,34.4,30.3182
22:59:10.805 > 41936,771,95859043,95846120,8217.52,-65.57,-78.82,34.4,30.3135
22:59:10.858 > 41989,772,95859177,95846248,8218.26,-68.02,-82.45,34.4,30.3276
22:59:10.911 > 42042,773,95859319,95846400,8215.18,-66.62,-81.72,34.4,30.3041
22:59:10.964 > 42095,774,95858947,95846019,8219.50,-67.72,-79.38,34.4,30.3276
22:59:11.017 > 42148,775,95859098,95846182,8215.40,-67.65,-80.92,34.4,30.2994
22:59:11.070 > 42201,776,95859237,95846321,8212.46,-66.47,-79.57,34.4,30.2994
22:59:11.123 > 42254,777,95858895,95845969,8217.30,-66.41,-77.39,34.4,30.3229
22:59:11.176 > 42307,778,95859025,95846113,8214.08,-66.67,-78.90,34.4,30.2900
22:59:11.229 > 42360,779,95859193,95846272,8217.89,-66.82,-77.06,34.4,30.3088
22:59:11.282 > 42413,780,95858835,95845907,8212.02,-66.37,-78.17,34.4,30.3276
22:59:11.344 > 42466,781,95858999,95846072,8213.12,-65.75,-80.43,34.4,30.3229
22:59:11.388 > 42519,782,95859149,95846221,8214.88,-65.82,-77.78,34.4,30.3276
22:59:11.441 > 42572,783,95859313,95846397,8215.54,-65.87,-80.06,34.4,30.2994
22:59:11.494 > 42625,784,95858957,95846025,8214.88,-65.72,-77.23,34.4,30.3369
22:59:11.547 > 42678,785,95859128,95846197,8219.06,-65.11,-76.75,34.4,30.3323
22:59:11.600 > 42731,786,95859281,95846349,8231.16,-65.64,-77.87,34.4,30.3369
22:59:11.653 > 42784,787,95858949,95846018,8217.60,-65.31,-77.74,34.4,30.3323
22:59:11.706 > 42837,788,95859098,95846173,8215.40,-65.18,-78.40,34.4,30.3182
22:59:11.759 > 42890,789,95859281,95846359,8220.97,-66.05,-79.99,34.4,30.3135
22:59:11.812 > 42943,790,95858929,95846007,8216.57,-65.52,-80.30,34.4,30.3135
22:59:11.865 > 42996,791,95859111,95846191,8216.86,-65.73,-79.24,34.4,30.3088
22:59:11.918 > 43049,792,95859273,95846347,8213.78,-65.68,-77.24,34.4,30.3229
22:59:11.971 > 43102,793,95858951,95846023,8212.39,-65.45,-77.13,34.4,30.3276
22:59:12.024 > 43155,794,95859114,95846188,8217.38,-65.30,-79.21,34.4,30.3229
22:59:12.077 > 43208,795,95859299,95846379,8221.19,-66.60,-81.49,34.4,30.3088
22:59:12.130 > 43261,796,95858961,95846036,8217.01,-65.38,-77.51,34.4,30.3182
22:59:12.183 > 43314,797,95859160,95846219,8214.96,-65.47,-78.31,34.4,30.3557
22:59:12.236 > 43367,798,95859326,95846400,8214.81,-65.87,-81.43,34.4,30.3229
22:59:12.289 > 43420,799,95859015,95846090,8218.33,-66.30,-77.15,34.4,30.3182
22:59:12.353 > 43473,800,95859186,95846259,8220.97,-66.80,-80.06,34.4,30.3229
22:59:12.395 > 43526,801,95858874,95845953,8215.03,-68.83,-84.80,34.4,30.3088
22:59:12.448 > 43579,802,95859053,95846125,8218.04,-66.07,-80.77,34.4,30.3276
22:59:12.501 > 43632,803,95859253,95846333,8217.82,-67.42,-82.23,34.4,30.3088
22:59:12.554 > 43685,804,95858926,95846009,8220.97,-66.71,-83.31,34.4,30.2994
22:59:12.607 > 43738,805,95859138,95846218,8213.27,-65.31,-77.15,34.4,30.3088
22:59:12.660 > 43791,806,95859326,95846398,8217.23,-65.60,-80.93,34.4,30.3276
22:59:12.713 > 43844,807,95859032,95846101,8216.79,-65.89,-78.26,34.4,30.3323
22:59:12.766 > 43897,808,95859217,95846299,8220.67,-67.25,-78.92,34.4,30.3041
22:59:12.819 > 43950,809,95858921,95846000,8212.10,-66.58,-79.41,34.4,30.3088
22:59:12.872 > 44003,810,95859117,95846185,8219.28,-66.82,-79.58,34.4,30.3369
22:59:12.925 > 44056,811,95858821,95845895,8212.90,-66.91,-78.82,34.4,30.3229
22:59:12.978 > 44109,812,95859028,95846093,8216.06,-67.13,-79.89,35.4,30.3416
22:59:13.031 > 44162,813,95859235,95846312,8220.24,-65.71,-79.44,34.4,30.3135
22:59:13.084 > 44215,814,95858929,95845991,8215.84,-66.63,-80.31,34.4,30.3510
22:59:13.137 > 44268,815,95859160,95846229,8220.24,-67.17,-78.25,34.4,30.3323
22:59:13.190 > 44321,816,95858844,95845916,8213.20,-65.70,-78.13,34.4,30.3276
22:59:13.243 > 44374,817,95859069,95846146,8213.86,-65.89,-81.55,34.4,30.3135
22:59:13.296 > 44427,818,95859277,95846354,8214.00,-65.66,-77.33,34.4,30.3135
22:59:13.349 > 44480,819,95858994,95846063,8219.21,-65.71,-80.42,34.4,30.3323
22:59:13.402 > 44533,820,95859212,95846285,8215.54,-66.61,-80.62,34.4,30.3229
22:59:13.455 > 44586,821,95858926,95846001,8212.02,-66.03,-80.38,34.4,30.3182
22:59:13.508 > 44639,822,95859147,95846219,8213.27,-66.98,-79.74,34.4,30.3276
22:59:13.561 > 44692,823,95858868,95845944,8213.93,-65.67,-80.23,34.4,30.3182
22:59:13.614 > 44745,824,95859094,95846161,8211.88,-66.63,-78.73,34.4,30.3369
22:59:13.667 > 44798,825,95858819,95845896,8220.53,-68.02,-79.73,34.4,30.3135
22:59:13.720 > 44851,826,95859032,95846115,8219.58,-66.87,-78.99,34.4,30.2994
22:59:13.773 > 44904,827,95859282,95846351,8219.58,-67.04,-78.41,34.4,30.3323
22:59:13.826 > 44957,828,95858998,95846068,8219.94,-68.65,-83.01,34.4,30.3323
22:59:13.879 > 45010,829,95859234,95846317,8214.52,-68.41,-82.39,34.4,30.2994
22:59:13.932 > 45063,830,95858962,95846038,8213.05,-66.67,-77.97,35.4,30.3182
22:59:13.985 > 45116,831,95859218,95846287,8214.96,-68.85,-81.40,34.4,30.3323
22:59:14.038 > 45169,832,95858923,95846002,8219.14,-68.38,-83.45,34.4,30.3088
22:59:14.091 > 45222,833,95859187,95846261,8220.31,-65.97,-80.40,34.4,30.3229
22:59:14.144 > 45275,834,95858908,95845987,8219.43,-65.66,-78.34,34.4,30.3088
22:59:14.197 > 45328,835,95859172,95846244,8216.50,-65.43,-78.84,34.4,30.3276
22:59:14.250 > 45381,836,95858896,95845967,8231.09,-65.42,-77.82,34.4,30.3276
22:59:14.303 > 45434,837,95859160,95846239,8221.19,-66.80,-80.32,34.4,30.3088
22:59:14.373 > 45487,838,95858891,95845965,8213.56,-65.52,-77.42,34.4,30.3229
22:59:14.409 > 45540,839,95859156,95846223,8214.74,-65.43,-78.02,34.4,30.3369
22:59:14.462 > 45593,840,95858898,95845962,8220.02,-66.54,-78.74,34.4,30.3463
22:59:14.515 > 45646,841,95859156,95846230,8213.34,-65.93,-78.66,34.4,30.3229
22:59:14.568 > 45699,842,95858904,95845967,8221.12,-66.30,-79.14,34.4,30.3463
22:59:14.621 > 45752,843,95859180,95846242,8220.24,-66.39,-79.48,34.4,30.3510
22:59:14.674 > 45805,844,95858912,95845981,8214.74,-65.74,-78.51,34.4,30.3323
22:59:14.727 > 45858,845,95859196,95846259,8214.88,-66.54,-80.90,34.4,30.3463
22:59:14.780 > 45911,846,95858935,95846002,8212.24,-65.80,-80.42,34.4,30.3369
22:59:14.833 > 45964,847,95859222,95846289,8214.81,-66.03,-78.14,34.4,30.3369
22:59:14.886 > 46017,848,95858968,95846046,8215.84,-66.24,-78.54,35.4,30.3135
22:59:14.939 > 46070,849,95859254,95846325,8218.99,-65.77,-80.50,34.4,30.3276
22:59:14.992 > 46123,850,95859013,95846075,8217.67,-66.03,-77.13,34.4,30.3510
22:59:15.045 > 46176,851,95859299,95846366,8215.76,-68.00,-81.83,34.4,30.3369
22:59:15.098 > 46229,852,95859049,95846119,8216.13,-67.16,-80.26,34.4,30.3323
22:59:15.151 > 46282,853,95858836,95845914,8218.18,-66.64,-77.31,34.4,30.3135
22:59:15.204 > 46335,854,95859104,95846182,8215.69,-67.92,-81.51,35.4,30.3135
22:59:15.257 > 46388,855,95858894,95845963,8218.70,-67.33,-78.24,34.4,30.3323
22:59:15.322 > 46441,856,95859161,95846235,8214.74,-66.58,-79.31,35.4,30.3229
22:59:15.363 > 46494,857,95858949,95846020,8218.26,-67.19,-80.59,34.4,30.3276
22:59:15.416 > 46547,858,95859224,95846302,8220.38,-67.07,-78.74,35.4,30.3135
22:59:15.469 > 46600,859,95859018,95846093,8212.24,-67.95,-78.06,34.4,30.3182
22:59:15.522 > 46653,860,95859294,95846373,8212.61,-68.26,-79.08,34.4,30.3088
22:59:15.575 > 46706,861,95859102,95846179,8215.54,-67.49,-78.64,34.4,30.3135
22:59:15.628 > 46759,862,95858870,95845942,8217.16,-65.64,-81.22,34.4,30.3276
22:59:15.681 > 46812,863,95859187,95846254,8220.53,-68.07,-83.26,34.4,30.3369
22:59:15.734 > 46865,864,95858968,95846034,8219.79,-66.76,-79.18,34.4,30.3416
22:59:15.787 > 46918,865,95859273,95846351,8220.16,-65.23,-77.62,34.4,30.3135
22:59:15.840 > 46971,866,95859058,95846129,8219.72,-66.35,-81.12,34.4,30.3276
22:59:15.893 > 47024,867,95858867,95845933,8219.06,-66.01,-80.42,34.4,30.3416
22:59:15.946 > 47077,868,95859167,95846233,8220.60,-66.20,-80.26,34.4,30.3416
22:59:15.999 > 47130,869,95858975,95846039,8211.95,-66.85,-80.54,34.4,30.3463
22:59:16.052 > 47183,870,95859271,95846342,8220.24,-66.20,-78.95,34.4,30.3276
22:59:16.105 > 47236,871,95859082,95846156,8215.32,-66.26,-78.64,34.4,30.3229
22:59:16.158 > 47289,872,95858871,95845947,8218.33,-65.47,-81.77,34.4,30.3182
22:59:16.211 > 47342,873,95859204,95846269,8219.94,-67.74,-80.39,34.4,30.3416
22:59:16.264 > 47395,874,95858994,95846065,8212.83,-67.13,-82.09,34.4,30.3276
22:59:16.317 > 47448,875,95859324,95846395,8217.67,-66.43,-80.93,34.4,30.3276
22:59:16.370 > 47501,876,95859128,95846189,8212.98,-66.88,-80.66,34.4,30.3510
22:59:16.423 > 47554,877,95858957,95846023,8220.90,-68.98,-80.09,34.4,30.3416
22:59:16.476 > 47607,878,95859271,95846335,8214.00,-67.76,-78.04,34.4,30.3463
22:59:16.529 > 47660,879,95859086,95846169,8220.75,-69.03,-81.69,34.4,30.2994
22:59:16.582 > 47713,880,95858893,95845973,8216.20,-67.37,-78.50,34.4,30.3088
22:59:16.635 > 47766,881,95859236,95846311,8215.62,-68.55,-81.72,34.4,30.3182
22:59:16.688 > 47819,882,95859050,95846110,8215.32,-66.64,-79.37,34.4,30.3557
22:59:16.741 > 47872,883,95858885,95845949,8216.94,-66.69,-81.01,34.4,30.3463
22:59:16.794 > 47925,884,95859210,95846273,8215.18,-66.47,-77.27,34.4,30.3463
22:59:16.847 > 47978,885,95859048,95846120,8219.58,-66.41,-78.96,34.4,30.3276
22:59:16.900 > 48031,886,95858871,95845938,8215.76,-66.73,-80.39,34.4,30.3369
22:59:16.953 > 48084,887,95859220,95846292,8216.86,-67.57,-79.14,34.4,30.3276
22:59:17.006 > 48137,888,95859044,95846116,8219.06,-67.45,-79.73,34.4,30.3276
22:59:17.059 > 48190,889,95858886,95845952,8216.79,-66.39,-77.04,34.4,30.3416
22:59:17.112 > 48243,890,95859220,95846301,8211.95,-66.54,-78.41,34.4,30.3041
22:59:17.164 > 48296,891,95859082,95846141,8215.10,-66.52,-77.26,34.4,30.3557
22:59:17.218 > 48349,892,95858903,95845985,8221.12,-66.52,-78.13,34.4,30.3041
22:59:17.271 > 48402,893,95859270,95846339,8216.79,-68.07,-79.28,35.4,30.3323
22:59:17.326 > 48455,894,95859109,95846184,8217.82,-66.87,-79.16,34.4,30.3182
22:59:17.376 > 48508,895,95858966,95846045,8202.27,-67.04,-78.79,35.4,30.3088
22:59:17.430 > 48561,896,95859321,95846387,8216.86,-67.92,-81.14,35.4,30.3416
22:59:17.483 > 48614,897,95859180,95846255,8215.18,-68.43,-81.49,34.4,30.3182
22:59:17.536 > 48667,898,95859020,95846096,8215.03,-68.90,-80.28,34.4,30.3182
22:59:17.589 > 48720,899,95858888,95845949,8217.52,-69.08,-81.30,35.4,30.3510
22:59:17.642 > 48773,900,95859251,95846319,8214.37,-66.98,-79.45,34.4,30.3369
22:59:17.694 > 48826,901,95859117,95846197,8214.15,-67.42,-80.15,34.4,30.3088
22:59:17.748 > 48879,902,95858970,95846041,8202.34,-66.87,-77.78,34.4,30.3276
22:59:17.801 > 48932,903,95858843,95845910,8220.46,-67.22,-78.03,35.4,30.3369
22:59:17.854 > 48985,904,95859212,95846274,8213.34,-67.94,-78.09,34.4,30.3510
22:59:17.907 > 49038,905,95859086,95846154,8215.40,-69.13,-80.53,34.4,30.3369
22:59:17.960 > 49091,906,95858940,95846005,8213.20,-68.78,-82.55,34.4,30.3416
22:59:18.013 > 49144,907,95859337,95846396,8215.76,-68.88,-79.21,35.4,30.3557
22:59:18.066 > 49197,908,95859181,95846253,8215.10,-67.41,-80.44,35.4,30.3276
22:59:18.119 > 49250,909,95859073,95846135,8200.66,-68.93,-83.14,34.4,30.3510
22:59:18.172 > 49303,910,95858937,95846006,8216.64,-67.13,-79.78,34.4,30.3323
22:59:18.224 > 49356,911,95859332,95846398,8201.47,-67.51,-77.64,35.4,30.3416
22:59:18.278 > 49409,912,95859193,95846267,8216.94,-67.71,-81.45,34.4,30.3229
22:59:18.330 > 49462,913,95859084,95846156,8218.40,-67.56,-78.04,35.4,30.3276
22:59:18.383 > 49515,914,95858953,95846026,8213.64,-67.11,-80.52,34.4,30.3229
22:59:18.437 > 49568,915,95858851,95845916,8202.34,-67.13,-78.48,35.4,30.3416
22:59:18.490 > 49621,916,95859237,95846306,8216.13,-69.18,-82.08,35.4,30.3323
22:59:18.543 > 49674,917,95859135,95846202,8213.42,-67.15,-81.19,35.4,30.3369
22:59:18.596 > 49727,918,95859010,95846074,8216.94,-67.18,-77.43,35.4,30.3463
22:59:18.649 > 49780,919,95858906,95845972,8215.10,-68.31,-80.39,35.4,30.3416
22:59:18.701 > 49833,920,95859302,95846377,8215.69,-67.09,-78.84,35.4,30.3182
22:59:18.755 > 49886,921,95859212,95846272,8216.13,-67.79,-77.93,35.4,30.3557
22:59:18.808 > 49939,922,95859091,95846166,8201.10,-67.43,-77.75,34.4,30.3182
22:59:18.861 > 49992,923,95859001,95846061,8213.86,-67.24,-80.03,34.4,30.3557
22:59:18.914 > 50045,924,95858887,95845949,8215.69,-68.45,-78.80,35.4,30.3510
22:59:18.966 > 50098,925,95859305,95846384,8220.97,-67.06,-79.05,35.4,30.3088
22:59:19.020 > 50151,926,95859199,95846263,8201.39,-67.41,-81.11,34.4,30.3463
22:59:19.072 > 50204,927,95859111,95846180,8215.18,-68.21,-79.89,34.4,30.3323
22:59:19.126 > 50257,928,95859005,95846071,8213.86,-67.36,-81.41,34.4,30.3416
22:59:19.179 > 50310,929,95858923,95845998,8214.81,-67.19,-79.29,34.4,30.3182
22:59:19.232 > 50363,930,95858822,95845894,8217.08,-67.41,-77.55,35.4,30.3276
22:59:19.285 > 50416,931,95859251,95846319,8213.27,-67.08,-80.12,34.4,30.3369
22:59:19.341 > 50469,932,95859155,95846226,8216.94,-69.55,-81.47,35.4,30.3276
22:59:19.391 > 50522,933,95859080,95846147,8214.74,-67.53,-77.79,35.4,30.3369
22:59:19.444 > 50575,934,95858992,95846062,8213.05,-68.85,-81.56,35.4,30.3323
22:59:19.497 > 50628,935,95858918,95845981,8213.49,-67.33,-78.80,34.4,30.3463
22:59:19.550 > 50681,936,95858830,95845902,8214.22,-67.00,-77.33,34.4,30.3276
22:59:19.603 > 50734,937,95859277,95846335,8214.59,-69.65,-80.98,34.4,30.3604
22:59:19.656 > 50787,938,95859180,95846246,8214.81,-68.09,-80.34,34.4,30.3416
22:59:19.708 > 50840,939,95859119,95846193,8201.54,-67.04,-79.71,34.4,30.3229
22:59:19.762 > 50893,940,95859025,95846098,8215.10,-67.20,-77.95,34.4,30.3229
22:59:19.815 > 50946,941,95858969,95846036,8212.46,-67.42,-78.98,34.4,30.3369
22:59:19.867 > 50999,942,95858891,95845964,8212.24,-67.11,-77.09,35.4,30.3229
