23:02:54.157 > 1126,1,95861031,95846177,8065.16,-82.06,-88.44,35.4,34.8457
23:02:54.211 > 1179,2,95860899,95846056,8063.40,-82.85,-88.60,35.4,34.8176
23:02:54.264 > 1232,3,95860991,95846144,8065.24,-82.99,-88.48,34.4,34.8270
23:02:54.317 > 1285,4,95861077,95846220,8065.31,-81.61,-88.11,35.4,34.8504
23:02:54.374 > 1338,5,95861151,95846294,8064.80,-81.55,-88.25,35.4,34.8504
23:02:54.423 > 1391,6,95861212,95846364,8064.94,-83.55,-89.06,34.4,34.8317
23:02:54.476 > 1444,7,95860782,95845926,8062.38,-83.61,-88.81,34.4,34.8504
23:02:54.529 > 1497,8,95860841,95845989,8064.06,-81.85,-88.00,35.4,34.8410
23:02:54.582 > 1550,9,95860940,95846083,8062.38,-81.20,-88.01,34.4,34.8504
23:02:54.635 > 1603,10,95860996,95846148,8070.96,-81.25,-88.01,34.4,34.8317
23:02:54.688 > 1656,11,95861088,95846219,8066.41,-81.61,-88.39,35.4,34.8786
23:02:54.741 > 1709,12,95861149,95846300,8070.81,-81.67,-88.20,34.4,34.8317
23:02:54.794 > 1762,13,95861231,95846379,8065.16,-81.61,-88.08,35.4,34.8410
23:02:54.847 > 1815,14,95860790,95845946,8064.28,-81.74,-87.94,34.4,34.8223
23:02:54.900 > 1868,15,95860881,95846020,8064.80,-82.75,-88.99,35.4,34.8598
23:02:54.953 > 1921,16,95860953,95846093,8063.70,-81.49,-88.36,34.4,34.8598
23:02:55.006 > 1974,17,95861019,95846173,8065.24,-81.98,-88.12,35.4,34.8270
23:02:55.059 > 2027,18,95861096,95846239,8069.34,-81.61,-88.10,35.4,34.8504
23:02:55.112 > 2080,19,95861202,95846337,8063.92,-82.61,-88.15,34.4,34.8692
23:02:55.165 > 2133,20,95861259,95846399,8062.45,-81.42,-88.15,34.4,34.8598
23:02:55.218 > 2186,21,95860820,95845975,8064.43,-81.80,-88.28,35.4,34.8223
23:02:55.271 > 2239,22,95860899,95846048,8064.43,-81.13,-87.69,35.4,34.8363
23:02:55.324 > 2292,23,95860997,95846143,8062.89,-81.44,-88.40,34.4,34.8457
23:02:55.377 > 2345,24,95861070,95846216,8062.60,-82.29,-88.37,34.4,34.8457
23:02:55.430 > 2398,25,95861148,95846294,8064.87,-82.35,-88.59,35.4,34.8457
23:02:55.483 > 2451,26,95861234,95846374,8065.31,-83.20,-88.78,34.4,34.8598
23:02:55.536 > 2504,27,95860803,95845957,8064.21,-82.04,-88.18,34.4,34.8270
23:02:55.589 > 2557,28,95860892,95846024,8064.80,-81.13,-88.52,35.4,34.8786
23:02:55.642 > 2610,29,95860963,95846115,8062.23,-82.04,-88.34,35.4,34.8317
23:02:55.695 > 2663,30,95861049,95846192,8068.61,-81.67,-88.24,34.4,34.8504
23:02:55.748 > 2716,31,95861143,95846292,8065.09,-80.97,-88.37,34.4,34.8363
23:02:55.801 > 2769,32,95861223,95846359,8065.46,-83.62,-88.61,34.4,34.8692
23:02:55.854 > 2822,33,95860794,95845950,8070.52,-82.80,-88.73,35.4,34.8223
23:02:55.907 > 2875,34,95860882,95846027,8070.22,-81.02,-88.49,35.4,34.8457
23:02:55.960 > 2928,35,95860965,95846124,8065.53,-81.86,-88.66,34.4,34.8129
23:02:56.013 > 2981,36,95861066,95846199,8064.80,-82.29,-88.68,35.4,34.8739
23:02:56.066 > 3034,37,95861150,95846290,8064.65,-80.91,-88.24,34.4,34.8598
23:02:56.119 > 3087,38,95861234,95846377,8069.34,-82.17,-88.08,34.4,34.8504
23:02:56.172 > 3140,39,95860822,95845949,8064.94,-82.93,-88.74,34.4,34.8880
23:02:56.225 > 3193,40,95860900,95846033,8067.14,-80.12,-88.33,34.4,34.8739
23:02:56.278 > 3246,41,95860999,95846135,8065.38,-83.13,-88.66,35.4,34.8692
23:02:56.331 > 3299,42,95861089,95846223,8066.63,-80.90,-88.28,35.4,34.8739
23:02:56.384 > 3352,43,95861179,95846320,8064.50,-82.74,-88.63,34.4,34.8551
23:02:56.437 > 3405,44,95860763,95845904,8070.22,-81.08,-88.51,35.4,34.8551
23:02:56.490 > 3458,45,95860851,95846000,8064.28,-82.80,-88.91,35.4,34.8363
23:02:56.543 > 3511,46,95860940,95846087,8066.56,-79.68,-88.11,35.4,34.8410
23:02:56.596 > 3564,47,95861045,95846199,8061.79,-81.61,-88.02,34.4,34.8270
23:02:56.649 > 3617,48,95861141,95846278,8069.05,-80.90,-88.50,34.4,34.8645
23:02:56.702 > 3670,49,95861236,95846389,8070.81,-80.08,-88.08,34.4,34.8270
23:02:56.755 > 3723,50,95860825,95845963,8063.84,-83.97,-89.03,35.4,34.8645
23:02:56.808 > 3776,51,95860933,95846076,8063.84,-82.04,-88.23,35.4,34.8504
23:02:56.861 > 3829,52,95861013,95846159,8063.70,-81.31,-88.36,34.4,34.8457
23:02:56.914 > 3882,53,95861133,95846270,8062.96,-82.55,-88.43,35.4,34.8645
23:02:56.967 > 3935,54,95861211,95846365,8068.83,-81.61,-88.37,35.4,34.8270
23:02:57.020 > 3988,55,95860817,95845958,8068.46,-81.20,-88.08,35.4,34.8551
23:02:57.073 > 4041,56,95860911,95846050,8066.26,-82.23,-88.12,34.4,34.8598
23:02:57.126 > 4094,57,95861021,95846162,8062.96,-82.23,-88.61,34.4,34.8551
23:02:57.179 > 4147,58,95861120,95846251,8070.08,-83.43,-88.55,35.4,34.8786
23:02:57.232 > 4200,59,95861219,95846371,8061.94,-82.94,-88.48,34.4,34.8317
23:02:57.285 > 4253,60,95860795,95845942,8070.88,-81.98,-88.53,34.4,34.8410
23:02:57.342 > 4306,61,95860906,95846062,8064.50,-81.79,-88.22,34.4,34.8223
23:02:57.391 > 4359,62,95861003,95846145,8062.01,-83.41,-88.71,35.4,34.8551
23:02:57.444 > 4412,63,95861122,95846260,8070.37,-80.56,-88.13,34.4,34.8645
23:02:57.497 > 4465,64,95861211,95846357,8068.83,-81.13,-88.31,35.4,34.8457
23:02:57.550 > 4518,65,95860812,95845953,8070.30,-81.67,-88.60,35.4,34.8551
23:02:57.603 > 4571,66,95860901,95846060,8063.26,-81.02,-88.26,34.4,34.8129
23:02:57.656 > 4624,67,95861023,95846164,8061.79,-81.31,-88.37,34.4,34.8551
23:02:57.709 > 4677,68,95861109,95846258,8062.38,-81.55,-88.33,35.4,34.8363
23:02:57.762 > 4730,69,95861226,95846368,8063.70,-80.50,-88.12,34.4,34.8551
23:02:57.815 > 4783,70,95860817,95845958,8064.21,-81.25,-88.10,34.4,34.8551
23:02:57.868 > 4836,71,95860916,95846078,8063.04,-81.49,-88.47,34.4,34.8082
23:02:57.921 > 4889,72,95861019,95846165,8063.70,-80.84,-88.42,34.4,34.8457
23:02:57.974 > 4942,73,95861140,95846277,8062.82,-80.90,-88.45,34.4,34.8645
23:02:58.027 > 4995,74,95861223,95846371,8063.77,-80.79,-88.14,35.4,34.8410
23:02:58.080 > 5048,75,95860832,95845983,8061.72,-82.55,-89.02,34.4,34.8317
23:02:58.134 > 5101,76,95860933,95846067,8065.82,-80.34,-88.16,34.4,34.8739
23:02:58.186 > 5154,77,95861038,95846183,8063.77,-80.79,-88.30,34.4,34.8457
23:02:58.239 > 5207,78,95861145,95846282,8068.76,-81.85,-88.72,34.4,34.8645
23:02:58.292 > 5260,79,95860740,95845890,8066.26,-81.61,-88.23,34.4,34.8363
23:02:58.351 > 5313,80,95860843,95845993,8061.79,-82.82,-88.59,34.4,34.8363
23:02:58.397 > 5366,81,95860964,95846106,8062.08,-81.02,-88.24,34.4,34.8551
23:02:58.451 > 5419,82,95861057,95846195,8063.40,-81.08,-88.08,35.4,34.8645
23:02:58.504 > 5472,83,95861168,95846323,8062.74,-81.25,-88.09,35.4,34.8223
23:02:58.557 > 5525,84,95860759,95845907,8062.67,-82.04,-88.86,34.4,34.8410
23:02:58.610 > 5578,85,95860883,95846028,8066.63,-81.19,-88.61,34.4,34.8457
23:02:58.663 > 5631,86,95860974,95846128,8062.96,-81.73,-88.21,35.4,34.8270
23:02:58.716 > 5684,87,95861096,95846239,8062.82,-81.92,-88.56,34.4,34.8504
23:02:58.769 > 5737,88,95861201,95846344,8069.78,-80.67,-88.19,35.4,34.8504
23:02:58.822 > 5790,89,95860812,95845954,8063.70,-80.90,-88.10,35.4,34.8551
23:02:58.875 > 5843,90,95860916,95846053,8062.45,-81.30,-88.36,35.4,34.8645
23:02:58.928 > 5896,91,95861025,95846166,8063.33,-81.20,-88.44,35.4,34.8551
23:02:58.981 > 5949,92,95861138,95846282,8062.89,-81.20,-88.60,35.4,34.8504
23:02:59.034 > 6002,93,95861249,95846397,8061.72,-83.37,-88.79,35.4,34.8410
23:02:59.087 > 6055,94,95860836,95845987,8064.21,-81.92,-88.45,34.4,34.8317
23:02:59.140 > 6108,95,95860960,95846113,8071.03,-81.32,-88.51,35.4,34.8270
23:02:59.193 > 6161,96,95861067,95846206,8062.96,-80.62,-88.07,35.4,34.8598
23:02:59.246 > 6214,97,95861196,95846336,8062.60,-82.29,-88.36,35.4,34.8598
23:02:59.299 > 6267,98,95860784,95845921,8064.06,-81.98,-88.56,34.4,34.8645
23:02:59.352 > 6320,99,95860902,95846043,8065.90,-81.55,-88.43,34.4,34.8551
23:02:59.405 > 6373,100,95861014,95846155,8070.08,-83.08,-89.12,34.4,34.8551
23:02:59.458 > 6426,101,95861122,95846268,8068.54,-81.03,-88.14,34.4,34.8457
23:02:59.511 > 6479,102,95861221,95846377,8070.59,-81.13,-88.13,35.4,34.8223
23:02:59.564 > 6532,103,95860835,95845994,8062.67,-80.85,-88.14,34.4,34.8129
23:02:59.617 > 6585,104,95860957,95846097,8065.09,-81.13,-88.47,35.4,34.8598
23:02:59.670 > 6638,105,95861078,95846205,8063.55,-81.26,-88.59,35.4,34.8880
23:02:59.723 > 6691,106,95861177,95846328,8070.00,-81.61,-88.45,35.4,34.8317
23:02:59.776 > 6744,107,95860783,95845934,8068.46,-81.32,-88.21,35.4,34.8317
23:02:59.829 > 6797,108,95860889,95846040,8069.56,-82.68,-88.93,34.4,34.8317
23:02:59.882 > 6850,109,95861026,95846168,8070.37,-81.38,-88.37,34.4,34.8551
23:02:59.935 > 6903,110,95861139,95846279,8068.61,-81.02,-88.73,34.4,34.8598
23:02:59.988 > 6956,111,95861250,95846394,8066.26,-82.23,-88.80,34.4,34.8504
23:03:00.041 > 7009,112,95860856,95846003,8063.18,-81.31,-88.16,34.4,34.8410
23:03:00.094 > 7062,113,95860987,95846126,8063.99,-82.55,-88.47,34.4,34.8598
23:03:00.147 > 7115,114,95861104,95846239,8061.72,-81.55,-88.60,34.4,34.8692
23:03:00.200 > 7168,115,95861217,95846363,8064.80,-81.08,-88.17,34.4,34.8457
23:03:00.253 > 7221,116,95860829,95845968,8069.93,-80.90,-88.49,34.4,34.8598
23:03:00.306 > 7274,117,95860947,95846100,8067.88,-83.96,-89.02,34.4,34.8270
23:03:00.373 > 7327,118,95861074,95846208,8062.30,-81.37,-88.48,34.4,34.8739
23:03:00.412 > 7380,119,95861195,95846331,8065.38,-80.80,-88.21,34.4,34.8692
23:03:00.465 > 7433,120,95860804,95845946,8070.00,-80.45,-88.17,34.4,34.8551
23:03:00.518 > 7486,121,95860933,95846069,8064.87,-81.55,-88.67,34.4,34.8692
23:03:00.571 > 7539,122,95861034,95846183,8066.85,-81.85,-88.72,34.4,34.8363
23:03:00.624 > 7592,123,95861161,95846308,8066.78,-83.40,-88.89,34.4,34.8410
23:03:00.677 > 7645,124,95860769,95845910,8070.15,-81.25,-88.40,34.4,34.8551
23:03:00.730 > 7698,125,95860901,95846057,8069.71,-81.74,-88.49,34.4,34.8223
23:03:00.783 > 7751,126,95861016,95846166,8064.36,-81.43,-88.56,34.4,34.8363
23:03:00.836 > 7804,127,95861147,95846295,8070.59,-83.33,-88.92,34.4,34.8410
23:03:00.889 > 7857,128,95860772,95845894,8062.60,-81.13,-88.42,34.4,34.9020
23:03:00.942 > 7910,129,95860894,95846024,8063.40,-83.20,-88.85,34.4,34.8833
23:03:00.995 > 7963,130,95861020,95846147,8064.43,-81.02,-88.52,35.4,34.8880
23:03:01.048 > 8016,131,95861139,95846281,8061.79,-81.14,-88.43,34.4,34.8551
23:03:01.101 > 8069,132,95860754,95845900,8063.33,-83.08,-89.13,35.4,34.8457
23:03:01.154 > 8122,133,95860886,95846031,8061.79,-81.86,-88.56,34.4,34.8457
23:03:01.207 > 8175,134,95861009,95846152,8071.03,-81.55,-89.23,34.4,34.8504
23:03:01.260 > 8228,135,95861146,95846284,8070.30,-80.41,-88.50,35.4,34.8645
23:03:01.324 > 8281,136,95860761,95845903,8069.64,-81.08,-88.84,34.4,34.8551
23:03:01.366 > 8334,137,95860883,95846043,8062.96,-81.03,-88.52,34.4,34.8129
23:03:01.419 > 8387,138,95861016,95846159,8066.04,-82.23,-89.11,34.4,34.8504
23:03:01.472 > 8440,139,95861139,95846282,8064.65,-82.42,-89.17,34.4,34.8504
23:03:01.525 > 8493,140,95860748,95845896,8070.15,-82.29,-88.93,34.4,34.8410
23:03:01.578 > 8546,141,95860886,95846020,8061.94,-80.63,-88.51,34.4,34.8739
23:03:01.631 > 8599,142,95861006,95846149,8063.48,-81.98,-88.77,34.4,34.8504
23:03:01.684 > 8652,143,95861140,95846289,8062.16,-80.80,-88.40,34.4,34.8363
23:03:01.737 > 8705,144,95860752,95845896,8071.03,-81.02,-88.49,34.4,34.8504
23:03:01.790 > 8758,145,95860893,95846024,8063.04,-83.00,-88.85,34.4,34.8786
23:03:01.843 > 8811,146,95861010,95846158,8067.00,-81.25,-88.35,34.4,34.8410
23:03:01.896 > 8864,147,95861146,95846301,8065.46,-80.91,-88.23,34.4,34.8223
23:03:01.949 > 8917,148,95860760,95845904,8070.08,-82.74,-89.06,34.4,34.8504
23:03:02.002 > 8970,149,95860887,95846041,8064.28,-81.03,-88.27,34.4,34.8270
23:03:02.055 > 9023,150,95861028,95846168,8063.77,-81.02,-88.50,34.4,34.8598
23:03:02.108 > 9076,151,95861159,95846299,8065.97,-81.44,-88.29,34.4,34.8598
23:03:02.161 > 9129,152,95860775,95845923,8063.18,-81.43,-88.42,35.4,34.8410
23:03:02.214 > 9182,153,95860921,95846058,8063.70,-82.48,-88.77,35.4,34.8645
23:03:02.267 > 9235,154,95861041,95846188,8062.74,-81.08,-88.29,35.4,34.8410
23:03:02.320 > 9288,155,95861183,95846327,8063.84,-82.23,-88.78,35.4,34.8504
23:03:02.374 > 9341,156,95860782,95845929,8062.67,-82.23,-88.64,35.4,34.8410
23:03:02.426 > 9394,157,95860926,95846071,8062.01,-83.00,-88.82,35.4,34.8457
23:03:02.479 > 9447,158,95861054,95846196,8066.41,-81.98,-88.56,34.4,34.8551
23:03:02.532 > 9500,159,95861195,95846343,8069.71,-82.74,-89.11,34.4,34.8410
23:03:02.585 > 9553,160,95860810,95845952,8063.48,-81.49,-88.72,35.4,34.8551
23:03:02.638 > 9606,161,95860949,95846095,8062.67,-81.44,-88.43,34.4,34.8457
23:03:02.691 > 9659,162,95861085,95846226,8070.66,-81.02,-88.62,34.4,34.8551
23:03:02.744 > 9712,163,95861216,95846351,8063.77,-80.97,-88.36,34.4,34.8692
23:03:02.797 > 9765,164,95860837,95845976,8062.16,-82.17,-88.52,34.4,34.8598
23:03:02.850 > 9818,165,95860967,95846119,8063.11,-81.38,-88.34,35.4,34.8317
23:03:02.903 > 9871,166,95861101,95846247,8061.79,-81.19,-88.13,34.4,34.8457
23:03:02.956 > 9924,167,95861247,95846396,8070.00,-80.80,-88.04,34.4,34.8363
23:03:03.009 > 9977,168,95860869,95846002,8070.08,-80.73,-88.16,35.4,34.8739
23:03:03.062 > 10030,169,95861013,95846144,8066.04,-81.38,-89.05,35.4,34.8786
23:03:03.115 > 10083,170,95861151,95846286,8062.23,-80.79,-88.22,35.4,34.8692
23:03:03.168 > 10136,171,95860771,95845915,8069.78,-81.20,-88.33,35.4,34.8504
23:03:03.221 > 10189,172,95860903,95846050,8062.60,-83.33,-88.73,34.4,34.8410
23:03:03.274 > 10242,173,95861060,95846198,8063.62,-81.85,-88.02,35.4,34.8645
23:03:03.341 > 10295,174,95861187,95846333,8064.65,-84.33,-88.85,34.4,34.8457
23:03:03.380 > 10348,175,95860820,95845961,8066.78,-84.48,-89.36,35.4,34.8551
23:03:03.433 > 10401,176,95860955,95846094,8063.84,-83.02,-88.36,34.4,34.8598
23:03:03.486 > 10454,177,95861097,95846243,8062.30,-82.35,-88.37,34.4,34.8457
23:03:03.539 > 10507,178,95861227,95846373,8068.24,-82.74,-88.72,34.4,34.8457
23:03:03.592 > 10560,179,95860867,95846009,8064.72,-82.68,-88.75,34.4,34.8551
23:03:03.645 > 10613,180,95860998,95846138,8069.49,-82.23,-88.25,34.4,34.8598
23:03:03.698 > 10666,181,95861149,95846282,8067.73,-81.13,-88.42,34.4,34.8739
23:03:03.751 > 10719,182,95860764,95845915,8062.96,-81.19,-88.45,34.4,34.8317
23:03:03.804 > 10772,183,95860907,95846063,8070.37,-83.01,-88.79,35.4,34.8223
23:03:03.857 > 10825,184,95861053,95846188,8069.49,-83.41,-88.77,34.4,34.8692
23:03:03.910 > 10878,185,95861199,95846328,8066.04,-81.25,-88.21,34.4,34.8833
23:03:03.963 > 10931,186,95860817,95845958,8070.88,-82.10,-88.71,35.4,34.8551
23:03:04.016 > 10984,187,95860957,95846106,8062.60,-82.55,-88.89,34.4,34.8363
23:03:04.069 > 11037,188,95861098,95846235,8068.10,-80.45,-88.30,34.4,34.8645
23:03:04.122 > 11090,189,95861240,95846385,8069.42,-82.36,-88.64,34.4,34.8457
23:03:04.175 > 11143,190,95860868,95846008,8065.90,-80.62,-88.06,34.4,34.8598
23:03:04.228 > 11196,191,95861015,95846152,8068.39,-81.49,-88.53,34.4,34.8645
23:03:04.281 > 11249,192,95861151,95846299,8070.52,-81.67,-88.68,35.4,34.8410
23:03:04.334 > 11302,193,95860777,95845933,8062.96,-80.67,-88.25,35.4,34.8223
23:03:04.387 > 11355,194,95860917,95846071,8062.74,-82.81,-89.06,35.4,34.8270
23:03:04.440 > 11408,195,95861073,95846218,8069.34,-81.08,-88.63,34.4,34.8457
23:03:04.493 > 11461,196,95861206,95846344,8069.56,-81.31,-88.79,34.4,34.8645
23:03:04.546 > 11514,197,95860834,95845988,8068.83,-81.25,-88.15,34.4,34.8270
23:03:04.599 > 11567,198,95860973,95846112,8063.77,-81.25,-88.12,35.4,34.8598
23:03:04.652 > 11620,199,95861127,95846264,8069.86,-80.90,-88.22,34.4,34.8645
23:03:04.705 > 11673,200,95861260,95846398,8069.86,-82.62,-88.26,34.4,34.8645
23:03:04.758 > 11726,201,95860896,95846035,8067.29,-81.26,-88.27,35.4,34.8598
23:03:04.811 > 11779,202,95861034,95846168,8063.77,-81.43,-88.23,34.4,34.8739
23:03:04.864 > 11832,203,95861182,95846324,8069.12,-82.04,-88.28,34.4,34.8551
23:03:04.917 > 11885,204,95860811,95845957,8070.74,-82.10,-88.24,35.4,34.8457
23:03:04.970 > 11938,205,95860954,95846098,8067.22,-83.68,-89.01,35.4,34.8504
23:03:05.023 > 11991,206,95861089,95846247,8063.48,-82.10,-88.17,35.4,34.8176
23:03:05.076 > 12044,207,95860740,95845889,8065.31,-83.61,-88.81,34.4,34.8363
23:03:05.129 > 12097,208,95860877,95846008,8069.64,-81.85,-88.74,35.4,34.8786
23:03:05.182 > 12150,209,95861032,95846177,8070.22,-81.98,-88.13,35.4,34.8457
23:03:05.235 > 12203,210,95861177,95846313,8070.59,-82.42,-88.37,35.4,34.8692
23:03:05.288 > 12256,211,95860814,95845952,8069.12,-82.87,-89.04,35.4,34.8645
23:03:05.341 > 12309,212,95860958,95846089,8064.58,-80.96,-88.45,35.4,34.8786
23:03:05.393 > 12362,213,95861097,95846242,8063.48,-81.50,-88.13,35.4,34.8457
23:03:05.447 > 12415,214,95861246,95846396,8070.59,-82.68,-88.29,34.4,34.8363
23:03:05.500 > 12468,215,95860892,95846036,8063.33,-83.40,-88.96,35.4,34.8504
23:03:05.553 > 12521,216,95861026,95846176,8068.83,-81.55,-88.16,35.4,34.8363
23:03:05.606 > 12574,217,95861183,95846327,8066.85,-81.79,-88.18,35.4,34.8504
23:03:05.659 > 12627,218,95860807,95845951,8070.81,-84.48,-89.07,35.4,34.8504
23:03:05.712 > 12680,219,95860973,95846110,8064.14,-82.10,-88.46,35.4,34.8645
23:03:05.765 > 12733,220,95861101,95846248,8064.80,-82.23,-88.13,35.4,34.8410
23:03:05.818 > 12786,221,95860754,95845898,8070.44,-82.10,-88.64,34.4,34.8504
23:03:05.871 > 12839,222,95860891,95846037,8067.95,-81.98,-88.55,34.4,34.8457
23:03:05.923 > 12892,223,95861053,95846185,8070.00,-83.97,-88.73,34.4,34.8786
23:03:05.977 > 12945,224,95861179,95846330,8070.00,-82.17,-88.51,35.4,34.8317
23:03:06.030 > 12998,225,95860832,95845969,8070.96,-81.67,-88.46,35.4,34.8645
23:03:06.083 > 13051,226,95860960,95846111,8061.86,-82.68,-88.54,35.4,34.8317
23:03:06.136 > 13104,227,95861122,95846271,8062.38,-82.81,-88.67,34.4,34.8363
23:03:06.188 > 13157,228,95860755,95845904,8062.74,-82.29,-88.55,34.4,34.8363
23:03:06.242 > 13210,229,95860908,95846049,8062.16,-81.73,-88.09,34.4,34.8551
23:03:06.295 > 13263,230,95861064,95846187,8062.16,-83.71,-88.81,34.4,34.8973
23:03:06.351 > 13316,231,95861208,95846340,8062.67,-81.50,-88.45,35.4,34.8786
23:03:06.400 > 13369,232,95860831,95845982,8067.73,-81.98,-88.41,34.4,34.8317
23:03:06.454 > 13422,233,95860993,95846132,8063.62,-81.98,-88.25,34.4,34.8598
23:03:06.507 > 13475,234,95861138,95846271,8070.96,-81.85,-88.66,34.4,34.8739
23:03:06.560 > 13528,235,95860772,95845923,8063.04,-82.23,-88.29,34.4,34.8317
23:03:06.613 > 13581,236,95860922,95846069,8062.52,-81.61,-88.06,34.4,34.8410
23:03:06.666 > 13634,237,95861075,95846222,8070.81,-82.10,-88.56,35.4,34.8410
23:03:06.719 > 13687,238,95861214,95846365,8064.43,-81.49,-88.24,34.4,34.8317
23:03:06.772 > 13740,239,95860875,95846009,8069.78,-82.23,-88.16,34.4,34.8739
23:03:06.825 > 13793,240,95861016,95846148,8062.16,-81.79,-88.37,35.4,34.8786
23:03:06.877 > 13846,241,95861167,95846319,8065.09,-82.10,-88.26,34.4,34.8317
23:03:06.931 > 13899,242,95860803,95845961,8064.80,-83.76,-88.81,35.4,34.8176
23:03:06.984 > 13952,243,95860961,95846099,8067.80,-81.98,-88.50,34.4,34.8645
23:03:07.037 > 14005,244,95861104,95846251,8070.59,-81.43,-88.13,34.4,34.8410
23:03:07.090 > 14058,245,95861265,95846397,8070.30,-83.61,-89.34,34.4,34.8786
23:03:07.143 > 14111,246,95860901,95846049,8068.39,-81.49,-88.29,35.4,34.8410
23:03:07.195 > 14164,247,95861060,95846207,8070.66,-82.35,-88.20,35.4,34.8410
23:03:07.249 > 14217,248,95861216,95846345,8064.58,-83.07,-88.85,34.4,34.8833
23:03:07.302 > 14270,249,95860865,95846001,8063.92,-81.79,-88.10,34.4,34.8692
23:03:07.354 > 14323,250,95861005,95846143,8062.30,-82.29,-88.31,35.4,34.8645
23:03:07.408 > 14376,251,95861155,95846308,8070.44,-82.42,-88.71,34.4,34.8270
23:03:07.461 > 14429,252,95860803,95845951,8070.08,-81.73,-88.13,34.4,34.8410
23:03:07.514 > 14482,253,95860952,95846096,8065.60,-82.04,-88.36,34.4,34.8504
23:03:07.566 > 14535,254,95861103,95846256,8070.66,-81.85,-88.19,34.4,34.8270
23:03:07.620 > 14588,255,95860757,95845901,8065.60,-80.50,-88.57,34.4,34.8504
23:03:07.673 > 14641,256,95860906,95846049,8061.79,-81.08,-88.13,34.4,34.8504
23:03:07.726 > 14694,257,95861078,95846212,8069.49,-82.81,-88.69,34.4,34.8739
23:03:07.779 > 14747,258,95861215,95846364,8064.50,-83.08,-88.99,34.4,34.8363
23:03:07.832 > 14800,259,95860875,95846020,8067.14,-81.08,-87.93,34.4,34.8457
23:03:07.884 > 14853,260,95861024,95846163,8069.27,-82.23,-88.39,34.4,34.8598
23:03:07.937 > 14906,261,95861181,95846326,8062.67,-83.35,-88.81,34.4,34.8457
23:03:07.991 > 14959,262,95860819,95845954,8067.58,-81.31,-88.31,34.4,34.8692
23:03:08.044 > 15012,263,95861001,95846128,8069.71,-82.36,-88.29,34.4,34.8880
23:03:08.097 > 15065,264,95861143,95846278,8066.92,-81.61,-88.46,34.4,34.8692
23:03:08.150 > 15118,265,95860794,95845930,8069.42,-81.55,-88.12,35.4,34.8692
23:03:08.203 > 15171,266,95860943,95846087,8067.58,-80.96,-88.58,34.4,34.8504
23:03:08.256 > 15224,267,95861117,95846250,8069.78,-81.31,-88.06,34.4,34.8739
23:03:08.308 > 15277,268,95860767,95845900,8068.68,-80.67,-88.41,34.4,34.8739
23:03:08.370 > 15330,269,95860925,95846069,8063.77,-80.90,-88.09,34.4,34.8504
23:03:08.415 > 15383,270,95861084,95846229,8065.60,-81.43,-88.60,35.4,34.8457
23:03:08.468 > 15436,271,95861260,95846390,8061.72,-83.48,-88.69,34.4,34.8833
23:03:08.520 > 15489,272,95860881,95846033,8067.73,-83.35,-88.95,34.4,34.8317
23:03:08.573 > 15542,273,95861069,95846216,8068.68,-83.55,-88.96,34.4,34.8410
23:03:08.626 > 15595,274,95861222,95846361,8066.48,-81.79,-88.18,34.4,34.8598
23:03:08.680 > 15648,275,95860885,95846027,8069.56,-81.49,-88.43,34.4,34.8551
23:03:08.733 > 15701,276,95861039,95846180,8068.90,-83.28,-88.70,35.4,34.8551
23:03:08.786 > 15754,277,95861212,95846358,8062.38,-82.94,-89.15,35.4,34.8457
23:03:08.839 > 15807,278,95860864,95846012,8071.03,-83.28,-88.68,34.4,34.8410
23:03:08.891 > 15860,279,95861027,95846173,8062.60,-81.19,-88.27,34.4,34.8457
23:03:08.944 > 15913,280,95861194,95846333,8062.67,-81.43,-88.44,34.4,34.8598
23:03:08.998 > 15966,281,95860844,95846006,8063.84,-82.48,-88.59,34.4,34.8082
23:03:09.051 > 16019,282,95861031,95846174,8066.85,-81.49,-88.30,34.4,34.8504
23:03:09.104 > 16072,283,95861196,95846345,8069.56,-83.41,-88.91,34.4,34.8363
23:03:09.157 > 16125,284,95860861,95845997,8063.04,-81.13,-88.11,35.4,34.8692
23:03:09.210 > 16178,285,95861038,95846172,8070.74,-82.10,-88.41,35.4,34.8739
23:03:09.263 > 16231,286,95861202,95846343,8069.71,-81.73,-88.73,34.4,34.8551
23:03:09.322 > 16284,287,95860873,95846010,8062.52,-80.50,-88.09,34.4,34.8645
23:03:09.368 > 16337,288,95861038,95846184,8068.54,-82.48,-88.55,34.4,34.8457
23:03:09.422 > 16390,289,95861219,95846359,8068.68,-81.92,-88.36,34.4,34.8598
23:03:09.475 > 16443,290,95860883,95846017,8061.79,-81.79,-88.53,34.4,34.8739
23:03:09.528 > 16496,291,95861067,95846206,8062.16,-81.73,-88.17,35.4,34.8598
23:03:09.581 > 16549,292,95861221,95846365,8069.34,-81.73,-88.36,35.4,34.8504
23:03:09.634 > 16602,293,95860910,95846052,8070.08,-82.36,-88.44,34.4,34.8551
23:03:09.687 > 16655,294,95861079,95846222,8068.90,-83.29,-89.18,34.4,34.8504
23:03:09.740 > 16708,295,95861260,95846397,8064.21,-81.08,-88.05,34.4,34.8645
23:03:09.793 > 16761,296,95860913,95846061,8063.55,-81.02,-88.18,34.4,34.8410
23:03:09.846 > 16814,297,95861102,95846235,8069.93,-80.68,-88.09,35.4,34.8739
23:03:09.898 > 16867,298,95860768,95845906,8070.74,-81.43,-88.56,35.4,34.8645
23:03:09.951 > 16920,299,95860942,95846084,8067.36,-81.50,-88.55,34.4,34.8551
23:03:10.005 > 16973,300,95861122,95846251,8061.86,-82.55,-88.67,34.4,34.8833
23:03:10.057 > 17026,301,95860787,95845924,8069.49,-82.35,-88.77,34.4,34.8645
23:03:10.111 > 17079,302,95860960,95846114,8070.66,-82.81,-88.81,35.4,34.8270
23:03:10.163 > 17132,303,95861153,95846293,8069.71,-81.20,-88.53,35.4,34.8598
23:03:10.217 > 17185,304,95860812,95845950,8063.26,-81.73,-88.42,34.4,34.8645
23:03:10.270 > 17238,305,95860994,95846138,8070.08,-80.97,-88.25,34.4,34.8504
23:03:10.322 > 17291,306,95861159,95846313,8069.20,-82.94,-88.91,34.4,34.8270
23:03:10.375 > 17344,307,95860836,95845982,8067.22,-81.26,-88.11,34.4,34.8457
23:03:10.429 > 17397,308,95861012,95846154,8066.70,-82.29,-88.58,34.4,34.8551
23:03:10.482 > 17450,309,95861197,95846344,8070.15,-82.93,-89.22,34.4,34.8410
23:03:10.535 > 17503,310,95860856,95845996,8063.62,-83.62,-88.84,34.4,34.8598
23:03:10.588 > 17556,311,95861046,95846185,8068.83,-82.80,-88.60,34.4,34.8598
23:03:10.641 > 17609,312,95861216,95846374,8062.16,-81.79,-88.35,34.4,34.8176
23:03:10.694 > 17662,313,95860898,95846031,8065.82,-81.86,-88.44,34.4,34.8739
23:03:10.746 > 17715,314,95861082,95846216,8071.03,-82.23,-88.73,34.4,34.8739
23:03:10.800 > 17768,315,95860749,95845889,8070.30,-83.27,-89.04,34.4,34.8598
23:03:10.853 > 17821,316,95860925,95846067,8068.98,-81.19,-88.02,34.4,34.8551
23:03:10.905 > 17874,317,95861100,95846250,8068.10,-82.35,-88.51,34.4,34.8363
23:03:10.959 > 17927,318,95860768,95845905,8065.46,-81.19,-88.36,34.4,34.8645
23:03:11.012 > 17980,319,95860953,95846100,8069.86,-80.97,-88.31,34.4,34.8410
23:03:11.065 > 18033,320,95861133,95846269,8068.76,-81.02,-88.13,34.4,34.8692
23:03:11.118 > 18086,321,95860800,95845949,8062.38,-81.44,-88.33,34.4,34.8363
23:03:11.171 > 18139,322,95860979,95846118,8069.71,-81.55,-88.13,34.4,34.8598
23:03:11.224 > 18192,323,95861152,95846302,8069.05,-82.23,-88.35,34.4,34.8363
23:03:11.276 > 18245,324,95860817,95845965,8068.68,-83.55,-89.10,34.4,34.8410
23:03:11.344 > 18298,325,95861012,95846150,8068.10,-81.68,-88.55,34.4,34.8645
23:03:11.383 > 18351,326,95861191,95846326,8069.64,-81.49,-88.10,35.4,34.8692
23:03:11.436 > 18404,327,95860855,95846003,8061.79,-81.44,-88.05,34.4,34.8410
23:03:11.488 > 18457,328,95861028,95846175,8064.80,-82.36,-88.55,35.4,34.8410
23:03:11.541 > 18510,329,95861220,95846371,8070.22,-81.74,-88.22,35.4,34.8317
23:03:11.595 > 18563,330,95860885,95846021,8062.30,-81.67,-88.56,34.4,34.8692
23:03:11.648 > 18616,331,95861071,95846204,8065.02,-81.61,-88.50,34.4,34.8739
23:03:11.701 > 18669,332,95861233,95846386,8070.08,-81.25,-88.13,34.4,34.8270
23:03:11.754 > 18722,333,95860922,95846054,8062.38,-82.10,-88.70,34.4,34.8786
23:03:11.807 > 18775,334,95861096,95846251,8069.20,-82.23,-88.46,35.4,34.8223
23:03:11.860 > 18828,335,95860771,95845912,8068.61,-83.27,-88.93,34.4,34.8551
23:03:11.912 > 18881,336,95860955,95846084,8070.66,-81.25,-88.62,34.4,34.8833
23:03:11.965 > 18934,337,95861139,95846279,8063.48,-81.38,-88.66,34.4,34.8598
23:03:12.019 > 18987,338,95860801,95845937,8069.71,-81.79,-88.20,34.4,34.8692
23:03:12.072 > 19040,339,95860981,95846130,8066.19,-80.91,-88.11,34.4,34.8363
23:03:12.125 > 19093,340,95861165,95846307,8062.45,-81.61,-88.46,34.4,34.8551
23:03:12.178 > 19146,341,95860836,95845981,8063.04,-81.68,-88.30,34.4,34.8457
23:03:12.231 > 19199,342,95861024,95846154,8067.51,-82.10,-88.52,34.4,34.8833
23:03:12.284 > 19252,343,95861209,95846343,8068.83,-81.26,-88.41,34.4,34.8739
23:03:12.349 > 19305,344,95860868,95846017,8070.59,-80.39,-87.99,34.4,34.8363
23:03:12.389 > 19358,345,95861064,95846203,8065.97,-80.30,-88.03,34.4,34.8598
23:03:12.443 > 19411,346,95861237,95846380,8065.09,-82.17,-88.52,35.4,34.8504
23:03:12.496 > 19464,347,95860921,95846055,8068.32,-81.92,-88.20,35.4,34.8739
23:03:12.548 > 19517,348,95861096,95846243,8067.95,-81.25,-88.32,34.4,34.8410
23:03:12.602 > 19570,349,95860777,95845926,8065.75,-81.08,-88.42,34.4,34.8363
23:03:12.655 > 19623,350,95860962,95846100,8068.17,-82.10,-88.79,34.4,34.8645
23:03:12.708 > 19676,351,95861155,95846288,8063.18,-80.97,-88.33,34.4,34.8739
23:03:12.761 > 19729,352,95860819,95845963,8061.79,-83.55,-89.24,34.4,34.8504
23:03:12.814 > 19782,353,95861001,95846148,8062.60,-82.17,-88.93,34.4,34.8410
23:03:12.867 > 19835,354,95861181,95846328,8066.19,-82.88,-88.85,35.4,34.8410
23:03:12.919 > 19888,355,95860875,95846012,8063.55,-82.80,-89.17,34.4,34.8645
23:03:12.973 > 19941,356,95861047,95846195,8067.73,-81.02,-88.09,35.4,34.8410
23:03:13.026 > 19994,357,95861235,95846385,8069.42,-81.92,-88.06,34.4,34.8363
23:03:13.079 > 20047,358,95860905,95846049,8068.17,-80.96,-88.20,34.4,34.8504
23:03:13.132 > 20100,359,95861096,95846256,8063.48,-81.26,-88.18,34.4,34.8129
23:03:13.184 > 20153,360,95860777,95845903,8067.00,-82.36,-88.35,35.4,34.8926
23:03:13.238 > 20206,361,95860960,95846089,8066.92,-82.29,-88.50,35.4,34.8833
23:03:13.290 > 20259,362,95861150,95846288,8066.85,-79.47,-88.50,35.4,34.8645
23:03:13.343 > 20312,363,95860818,95845970,8066.92,-83.54,-88.99,34.4,34.8317
23:03:13.396 > 20365,364,95861010,95846144,8064.14,-79.90,-88.49,35.4,34.8739
23:03:13.450 > 20418,365,95861205,95846337,8069.78,-82.10,-88.61,34.4,34.8786
23:03:13.503 > 20471,366,95860864,95846003,8070.74,-82.17,-88.37,34.4,34.8598
23:03:13.556 > 20524,367,95861067,95846210,8063.40,-82.42,-88.28,35.4,34.8504
23:03:13.609 > 20577,368,95861236,95846386,8065.97,-82.36,-88.75,35.4,34.8363
23:03:13.662 > 20630,369,95860921,95846070,8069.05,-80.91,-88.25,35.4,34.8363
23:03:13.715 > 20683,370,95861103,95846250,8066.56,-81.79,-88.22,34.4,34.8410
23:03:13.768 > 20736,371,95860782,95845929,8062.45,-80.68,-87.84,35.4,34.8410
23:03:13.821 > 20789,372,95860965,95846106,8065.75,-81.26,-88.39,35.4,34.8551
23:03:13.874 > 20842,373,95861161,95846310,8066.41,-81.48,-88.14,34.4,34.8363
23:03:13.926 > 20895,374,95860836,95845984,8063.55,-81.61,-88.32,34.4,34.8410
23:03:13.980 > 20948,375,95861027,95846170,8067.58,-81.43,-88.25,35.4,34.8504
23:03:14.033 > 21001,376,95861220,95846356,8069.49,-81.43,-88.44,35.4,34.8692
23:03:14.086 > 21054,377,95860909,95846043,8070.81,-81.08,-88.20,35.4,34.8739
23:03:14.139 > 21107,378,95861091,95846220,8070.96,-81.02,-88.37,34.4,34.8833
23:03:14.192 > 21160,379,95860780,95845916,8068.83,-81.55,-88.27,34.4,34.8692
23:03:14.245 > 21213,380,95860951,95846101,8062.67,-81.49,-88.53,34.4,34.8363
23:03:14.298 > 21266,381,95861163,95846303,8063.04,-81.25,-88.35,34.4,34.8598
23:03:14.355 > 21319,382,95860831,95845979,8068.46,-83.41,-89.18,35.4,34.8410
23:03:14.403 > 21372,383,95861031,95846174,8066.85,-81.67,-88.11,35.4,34.8504
23:03:14.457 > 21425,384,95861226,95846370,8068.24,-82.82,-88.76,35.4,34.8504
23:03:14.510 > 21478,385,95860910,95846048,8064.43,-82.23,-88.41,35.4,34.8645
23:03:14.563 > 21531,386,95861088,95846229,8069.56,-81.13,-88.18,34.4,34.8551
23:03:14.616 > 21584,387,95860788,95845931,8070.30,-81.03,-88.02,34.4,34.8504
23:03:14.669 > 21637,388,95860982,95846113,8067.22,-83.08,-88.76,34.4,34.8786
23:03:14.722 > 21690,389,95861181,95846318,8066.34,-81.38,-88.31,34.4,34.8645
23:03:14.775 > 21743,390,95860846,95846000,8070.88,-80.56,-88.05,35.4,34.8270
23:03:14.828 > 21796,391,95861052,95846198,8067.44,-80.91,-88.08,34.4,34.8457
23:03:14.881 > 21849,392,95861252,95846386,8061.79,-80.73,-87.90,35.4,34.8739
23:03:14.933 > 21902,393,95860940,95846079,8065.68,-82.29,-88.30,35.4,34.8598
23:03:14.986 > 21955,394,95861126,95846271,8068.68,-81.92,-88.21,35.4,34.8457
23:03:15.040 > 22008,395,95860819,95845940,8064.72,-81.38,-88.52,35.4,34.9020
23:03:15.093 > 22061,396,95861004,95846142,8064.36,-82.74,-88.90,35.4,34.8645
23:03:15.146 > 22114,397,95861205,95846341,8068.61,-81.55,-88.35,35.4,34.8692
23:03:15.199 > 22167,398,95860887,95846031,8067.88,-82.36,-88.95,34.4,34.8504
23:03:15.251 > 22220,399,95861085,95846230,8069.05,-83.00,-89.14,35.4,34.8457
23:03:15.304 > 22273,400,95860769,95845919,8062.89,-81.31,-88.45,34.4,34.8363
23:03:15.357 > 22326,401,95860964,95846117,8067.73,-80.85,-88.16,34.4,34.8270
23:03:15.410 > 22379,402,95861157,95846308,8064.87,-81.13,-88.09,34.4,34.8317
23:03:15.464 > 22432,403,95860865,95846012,8070.15,-82.80,-88.42,35.4,34.8410
23:03:15.517 > 22485,404,95861064,95846207,8068.98,-82.68,-88.60,35.4,34.8504
23:03:15.569 > 22538,405,95860752,95845905,8066.63,-81.61,-88.16,34.4,34.8270
23:03:15.623 > 22591,406,95860956,95846088,8066.85,-83.83,-89.45,34.4,34.8786
23:03:15.676 > 22644,407,95861156,95846297,8066.78,-80.91,-88.27,35.4,34.8551
23:03:15.729 > 22697,408,95860845,95845984,8069.27,-80.79,-88.30,35.4,34.8598
23:03:15.782 > 22750,409,95861045,95846197,8065.38,-83.27,-88.87,34.4,34.8317
23:03:15.835 > 22803,410,95861246,95846388,8064.94,-81.79,-88.31,34.4,34.8551
23:03:15.888 > 22856,411,95860948,95846093,8066.92,-81.98,-88.36,34.4,34.8457
23:03:15.940 > 22909,412,95861147,95846288,8066.92,-81.79,-88.48,34.4,34.8551
23:03:15.994 > 22962,413,95860853,95845988,8067.73,-82.48,-88.40,35.4,34.8692
23:03:16.047 > 23015,414,95861044,95846183,8065.38,-83.21,-88.84,34.4,34.8598
23:03:16.100 > 23068,415,95861257,95846393,8070.30,-81.08,-88.57,34.4,34.8692
23:03:16.153 > 23121,416,95860945,95846089,8066.12,-80.84,-88.57,34.4,34.8504
23:03:16.206 > 23174,417,95861147,95846308,8068.68,-81.74,-88.43,35.4,34.8082
23:03:16.259 > 23227,418,95860846,95845989,8065.68,-81.73,-88.22,34.4,34.8504
23:03:16.311 > 23280,419,95861062,95846207,8066.92,-81.32,-88.07,35.4,34.8457
23:03:16.370 > 23333,420,95860761,95845893,8065.82,-81.37,-88.62,34.4,34.8786
23:03:16.417 > 23386,421,95860970,95846105,8069.71,-82.74,-88.82,34.4,34.8692
23:03:16.471 > 23439,422,95861162,95846320,8068.76,-81.31,-88.08,35.4,34.8176
23:03:16.524 > 23492,423,95860873,95846013,8062.45,-82.10,-88.69,34.4,34.8598
23:03:16.577 > 23545,424,95861082,95846217,8068.98,-81.61,-88.42,35.4,34.8692
23:03:16.630 > 23598,425,95860774,95845923,8063.40,-80.78,-88.32,35.4,34.8363
23:03:16.683 > 23651,426,95860981,95846121,8062.82,-80.84,-88.06,35.4,34.8598
23:03:16.736 > 23704,427,95861204,95846337,8068.76,-82.23,-89.06,34.4,34.8739
23:03:16.789 > 23757,428,95860895,95846036,8066.12,-80.84,-88.29,34.4,34.8551
23:03:16.842 > 23810,429,95861108,95846255,8069.34,-82.23,-88.57,35.4,34.8410
23:03:16.895 > 23863,430,95860810,95845950,8069.34,-80.84,-88.03,35.4,34.8598
23:03:16.947 > 23916,431,95861029,95846160,8065.97,-81.49,-88.22,34.4,34.8786
23:03:17.001 > 23969,432,95861232,95846372,8064.43,-82.94,-88.85,35.4,34.8598
23:03:17.054 > 24022,433,95860946,95846091,8069.71,-82.10,-88.80,35.4,34.8457
23:03:17.107 > 24075,434,95861151,95846289,8067.88,-81.49,-88.41,34.4,34.8645
23:03:17.160 > 24128,435,95860866,95846007,8068.98,-81.79,-88.19,34.4,34.8551
23:03:17.213 > 24181,436,95861067,95846212,8065.97,-81.43,-88.39,34.4,34.8457
23:03:17.266 > 24234,437,95860774,95845928,8061.79,-82.94,-88.84,34.4,34.8270
23:03:17.325 > 24287,438,95860981,95846137,8066.12,-81.02,-88.17,35.4,34.8223
23:03:17.371 > 24340,439,95861214,95846352,8065.90,-80.96,-88.47,34.4,34.8645
23:03:17.424 > 24393,440,95860900,95846046,8069.64,-81.43,-88.35,35.4,34.8457
23:03:17.478 > 24446,441,95861130,95846270,8069.78,-82.61,-89.11,34.4,34.8598
23:03:17.531 > 24499,442,95860830,95845958,8066.92,-82.55,-88.75,34.4,34.8880
23:03:17.584 > 24552,443,95861053,95846183,8065.60,-80.90,-88.01,34.4,34.8833
23:03:17.637 > 24605,444,95861259,95846398,8070.08,-80.84,-88.08,35.4,34.8598
23:03:17.689 > 24658,445,95860968,95846107,8067.44,-81.08,-88.31,34.4,34.8598
23:03:17.743 > 24711,446,95861181,95846320,8063.55,-82.23,-88.40,35.4,34.8598
23:03:17.796 > 24764,447,95860895,95846034,8068.46,-81.37,-88.46,35.4,34.8598
23:03:17.849 > 24817,448,95861100,95846233,8067.29,-81.19,-88.13,34.4,34.8739
23:03:17.901 > 24870,449,95860816,95845954,8064.87,-82.04,-89.21,35.4,34.8645
23:03:17.954 > 24923,450,95861020,95846161,8068.17,-81.98,-88.77,34.4,34.8551
23:03:18.007 > 24976,451,95861245,95846378,8067.29,-80.62,-88.01,34.4,34.8739
23:03:18.061 > 25029,452,95860950,95846087,8063.11,-80.67,-88.13,34.4,34.8645
23:03:18.114 > 25082,453,95861181,95846305,8062.30,-82.36,-88.42,35.4,34.8973
23:03:18.166 > 25135,454,95860870,95846004,8067.07,-80.90,-88.11,34.4,34.8739
23:03:18.220 > 25188,455,95861087,95846234,8064.36,-81.37,-88.53,35.4,34.8410
23:03:18.274 > 25241,456,95860790,95845937,8067.88,-81.13,-88.17,35.4,34.8410
23:03:18.325 > 25294,457,95861024,95846166,8067.36,-82.88,-88.81,34.4,34.8551
23:03:18.378 > 25347,458,95861234,95846375,8071.03,-81.43,-88.35,34.4,34.8551
23:03:18.431 > 25400,459,95860950,95846090,8064.36,-81.19,-88.43,34.4,34.8598
23:03:18.485 > 25453,460,95861149,95846302,8067.22,-81.19,-88.35,34.4,34.8270
23:03:18.538 > 25506,461,95860891,95846033,8067.29,-81.02,-88.51,35.4,34.8551
23:03:18.591 > 25559,462,95861087,95846230,8066.34,-81.25,-88.52,35.4,34.8504
23:03:18.644 > 25612,463,95860810,95845957,8066.78,-81.02,-88.16,35.4,34.8410
23:03:18.697 > 25665,464,95861027,95846175,8066.12,-82.23,-88.54,34.4,34.8410
23:03:18.750 > 25718,465,95861256,95846393,8062.23,-80.84,-88.20,34.4,34.8645
23:03:18.802 > 25771,466,95860956,95846097,8069.27,-83.62,-89.16,34.4,34.8551
23:03:18.855 > 25824,467,95861189,95846342,8069.42,-80.96,-88.09,34.4,34.8270
23:03:18.908 > 25877,468,95860908,95846030,8067.66,-81.49,-88.35,34.4,34.9020
23:03:18.961 > 25930,469,95861137,95846276,8066.12,-80.96,-88.17,35.4,34.8598
23:03:19.014 > 25983,470,95860837,95845979,8065.75,-80.96,-88.44,34.4,34.8551
23:03:19.067 > 26036,471,95861085,95846209,8065.68,-81.13,-88.42,34.4,34.8973
23:03:19.121 > 26089,472,95860788,95845934,8067.58,-82.74,-88.48,34.4,34.8457
23:03:19.173 > 26142,473,95861024,95846160,8068.10,-83.28,-88.91,34.4,34.8692
23:03:19.227 > 26195,474,95861243,95846378,8063.84,-81.30,-88.17,34.4,34.8692
23:03:19.279 > 26248,475,95860963,95846104,8063.48,-80.80,-88.30,34.4,34.8551
23:03:19.340 > 26301,476,95861188,95846334,8062.23,-82.17,-88.77,35.4,34.8457
23:03:19.385 > 26354,477,95860909,95846063,8067.22,-81.08,-88.10,34.4,34.8270
23:03:19.438 > 26407,478,95861140,95846277,8067.22,-80.79,-88.15,34.4,34.8645
23:03:19.492 > 26460,479,95860862,95845990,8067.73,-81.08,-88.09,34.4,34.8880
23:03:19.545 > 26513,480,95861083,95846225,8066.19,-82.04,-88.88,34.4,34.8551
23:03:19.598 > 26566,481,95860813,95845945,8067.07,-82.35,-88.68,34.4,34.8786
23:03:19.650 > 26619,482,95861036,95846175,8067.88,-83.55,-88.94,35.4,34.8598
23:03:19.703 > 26672,483,95860755,95845902,8068.02,-82.80,-89.20,34.4,34.8410
23:03:19.757 > 26725,484,95860986,95846107,8068.24,-82.36,-88.40,35.4,34.9020
23:03:19.809 > 26778,485,95861218,95846360,8065.09,-81.50,-88.48,34.4,34.8551
23:03:19.863 > 26831,486,95860938,95846072,8065.46,-80.84,-88.17,34.4,34.8739
23:03:19.915 > 26884,487,95861172,95846314,8063.40,-83.13,-88.60,34.4,34.8551
23:03:19.968 > 26937,488,95860890,95846025,8067.44,-82.80,-89.04,34.4,34.8692
23:03:20.022 > 26990,489,95861134,95846267,8069.71,-81.30,-88.17,34.4,34.8739
23:03:20.075 > 27043,490,95860835,95845974,8067.44,-81.43,-88.58,34.4,34.8598
23:03:20.127 > 27096,491,95861077,95846218,8067.44,-80.67,-88.49,34.4,34.8551
23:03:20.180 > 27149,492,95860789,95845925,8063.11,-82.68,-88.55,34.4,34.8692
23:03:20.233 > 27202,493,95861016,95846168,8070.37,-83.14,-89.06,34.4,34.8317
23:03:20.287 > 27255,494,95861253,95846393,8068.90,-80.90,-88.05,35.4,34.8598
23:03:20.341 > 27308,495,95860989,95846127,8064.21,-81.25,-88.09,34.4,34.8645
23:03:20.392 > 27361,496,95861208,95846353,8070.81,-80.95,-88.41,34.4,34.8457
23:03:20.445 > 27414,497,95860935,95846061,8065.31,-81.03,-88.24,35.4,34.8926
23:03:20.498 > 27467,498,95861162,95846297,8067.00,-81.31,-88.06,35.4,34.8692
23:03:20.551 > 27520,499,95860886,95846038,8063.92,-81.92,-88.51,35.4,34.8317
23:03:20.604 > 27573,500,95861116,95846250,8061.79,-81.73,-88.49,34.4,34.8739
23:03:20.657 > 27626,501,95860836,95845994,8065.24,-81.14,-88.13,34.4,34.8176
23:03:20.710 > 27679,502,95861078,95846213,8069.71,-80.96,-88.47,34.4,34.8692
23:03:20.763 > 27732,503,95860797,95845941,8068.24,-82.29,-88.76,35.4,34.8504
23:03:20.816 > 27785,504,95861027,95846170,8066.04,-81.26,-88.18,35.4,34.8504
23:03:20.870 > 27838,505,95860772,95845903,8069.64,-80.95,-88.30,34.4,34.8786
23:03:20.922 > 27891,506,95860987,95846133,8069.42,-80.96,-88.03,34.4,34.8457
23:03:20.975 > 27944,507,95861232,95846384,8067.07,-81.85,-88.36,34.4,34.8317
23:03:21.028 > 27997,508,95860949,95846081,8064.50,-81.25,-88.54,35.4,34.8786
23:03:21.081 > 28050,509,95861195,95846330,8061.72,-82.68,-89.32,34.4,34.8692
23:03:21.134 > 28103,510,95860903,95846051,8069.05,-81.49,-88.36,34.4,34.8410
23:03:21.187 > 28156,511,95861162,95846301,8067.95,-80.73,-88.30,35.4,34.8598
23:03:21.240 > 28209,512,95860876,95846017,8062.74,-82.23,-88.63,34.4,34.8551
23:03:21.293 > 28262,513,95861121,95846254,8068.46,-81.31,-88.15,34.4,34.8739
23:03:21.351 > 28315,514,95860838,95845971,8063.92,-81.67,-88.28,34.4,34.8739
23:03:21.399 > 28368,515,95861088,95846216,8064.72,-81.25,-88.51,35.4,34.8880
23:03:21.452 > 28421,516,95860798,95845940,8063.70,-83.21,-88.80,34.4,34.8551
23:03:21.505 > 28474,517,95861053,95846191,8070.08,-82.88,-88.67,35.4,34.8645
23:03:21.558 > 28527,518,95860761,95845901,8064.72,-82.42,-89.10,34.4,34.8598
23:03:21.611 > 28580,519,95861025,95846144,8064.58,-80.62,-88.50,35.4,34.9067
23:03:21.664 > 28633,520,95861244,95846377,8068.98,-80.83,-88.01,35.4,34.8739
23:03:21.717 > 28686,521,95860971,95846099,8069.64,-83.07,-88.54,35.4,34.8880
23:03:21.770 > 28739,522,95861204,95846338,8068.17,-83.14,-88.92,34.4,34.8739
23:03:21.823 > 28792,523,95860926,95846067,8068.17,-81.14,-88.45,35.4,34.8551
23:03:21.876 > 28845,524,95861149,95846304,8067.07,-80.79,-88.12,35.4,34.8223
23:03:21.929 > 28898,525,95860898,95846025,8068.90,-81.55,-88.51,35.4,34.8880
23:03:21.982 > 28951,526,95861120,95846253,8067.73,-80.62,-88.09,34.4,34.8739
23:03:22.035 > 29004,527,95860860,95845993,8064.72,-81.61,-88.26,34.4,34.8739
23:03:22.088 > 29057,528,95861090,95846234,8066.48,-81.79,-88.49,35.4,34.8504
23:03:22.141 > 29110,529,95860822,95845965,8051.89,-81.03,-88.46,35.4,34.8504
23:03:22.194 > 29163,530,95861047,95846187,8064.43,-81.55,-88.32,35.4,34.8598
23:03:22.247 > 29216,531,95860785,95845926,8064.28,-83.00,-88.83,34.4,34.8551
23:03:22.300 > 29269,532,95861017,95846152,8063.55,-81.08,-88.49,34.4,34.8692
23:03:22.353 > 29322,533,95861256,95846399,8064.87,-82.48,-88.79,34.4,34.8504
23:03:22.406 > 29375,534,95860986,95846123,8062.08,-81.98,-88.55,35.4,34.8645
23:03:22.459 > 29428,535,95861225,95846370,8067.14,-80.89,-88.17,34.4,34.8457
23:03:22.512 > 29481,536,95860958,95846092,8063.84,-81.31,-88.63,35.4,34.8739
23:03:22.565 > 29534,537,95861203,95846338,8067.51,-82.74,-89.04,34.4,34.8692
23:03:22.618 > 29587,538,95860914,95846066,8069.34,-80.79,-88.15,34.4,34.8317
23:03:22.671 > 29640,539,95861165,95846312,8066.34,-81.85,-88.46,34.4,34.8410
23:03:22.724 > 29693,540,95860897,95846024,8066.48,-81.08,-88.46,34.4,34.8880
23:03:22.777 > 29746,541,95861138,95846284,8068.83,-81.85,-88.40,34.4,34.8457
23:03:22.830 > 29799,542,95860864,95845986,8069.49,-81.02,-88.15,34.4,34.9020
23:03:22.883 > 29852,543,95861121,95846260,8070.81,-82.74,-88.51,34.4,34.8598
23:03:22.936 > 29905,544,95860839,95845981,8068.17,-81.02,-88.38,34.4,34.8551
23:03:22.989 > 29958,545,95861087,95846227,8067.44,-81.79,-88.64,35.4,34.8598
23:03:23.042 > 30011,546,95860819,95845953,8069.78,-80.23,-88.46,34.4,34.8739
23:03:23.095 > 30064,547,95861071,95846214,8067.88,-81.31,-88.24,35.4,34.8504
23:03:23.148 > 30117,548,95860804,95845938,8065.16,-81.67,-88.36,35.4,34.8739
23:03:23.201 > 30170,549,95861034,95846180,8061.86,-83.21,-89.00,35.4,34.8457
23:03:23.254 > 30223,550,95860774,95845898,8064.94,-82.36,-88.81,34.4,34.8973
23:03:23.307 > 30276,551,95861031,95846162,8066.34,-81.79,-88.47,34.4,34.8786
23:03:23.372 > 30329,552,95860747,95845892,8062.74,-83.01,-88.79,34.4,34.8457
23:03:23.413 > 30382,553,95861005,95846149,8065.02,-80.79,-88.13,34.4,34.8504
23:03:23.466 > 30435,554,95861224,95846376,8066.12,-81.19,-88.11,35.4,34.8317
23:03:23.519 > 30488,555,95860973,95846125,8069.49,-81.61,-88.38,34.4,34.8317
23:03:23.572 > 30541,556,95861210,95846357,8068.17,-81.55,-88.53,34.4,34.8410
23:03:23.625 > 30594,557,95860953,95846096,8064.43,-80.90,-88.46,34.4,34.8504
23:03:23.678 > 30647,558,95861187,95846332,8070.15,-82.88,-88.96,35.4,34.8457
23:03:23.731 > 30700,559,95860943,95846070,8063.84,-81.37,-88.06,34.4,34.8880
23:03:23.784 > 30753,560,95861177,95846308,8068.39,-82.10,-88.24,34.4,34.8786
23:03:23.837 > 30806,561,95860914,95846047,8064.06,-81.61,-88.17,34.4,34.8739
23:03:23.890 > 30859,562,95861147,95846288,8068.54,-81.61,-88.44,34.4,34.8551
23:03:23.943 > 30912,563,95860889,95846026,8062.52,-81.19,-88.65,34.4,34.8645
23:03:23.996 > 30965,564,95861138,95846272,8063.40,-80.79,-88.55,34.4,34.8739
23:03:24.049 > 31018,565,95860871,95846008,8062.60,-80.73,-88.07,34.4,34.8645
23:03:24.102 > 31071,566,95861112,95846258,8063.99,-80.79,-88.03,34.4,34.8457
23:03:24.155 > 31124,567,95860853,95846000,8064.50,-80.67,-87.76,35.4,34.8410
23:03:24.208 > 31177,568,95861087,95846236,8068.61,-81.67,-88.26,34.4,34.8363
23:03:24.261 > 31230,569,95860834,95845981,8065.53,-81.08,-88.39,34.4,34.8410
23:03:24.322 > 31283,570,95861084,95846208,8066.92,-81.73,-88.63,34.4,34.8973
23:03:24.367 > 31336,571,95860821,95845960,8066.78,-80.79,-88.54,34.4,34.8598
23:03:24.420 > 31389,572,95861068,95846214,8064.87,-81.55,-88.18,35.4,34.8457
23:03:24.473 > 31442,573,95860802,95845959,8067.36,-82.36,-88.77,34.4,34.8176
23:03:24.526 > 31495,574,95861046,95846191,8066.78,-80.79,-88.19,35.4,34.8457
23:03:24.579 > 31548,575,95860796,95845927,8069.20,-80.90,-88.00,35.4,34.8786
23:03:24.632 > 31601,576,95861037,95846176,8066.12,-81.49,-88.36,34.4,34.8598
23:03:24.685 > 31654,577,95860776,95845913,8063.62,-82.48,-88.69,34.4,34.8645
23:03:24.738 > 31707,578,95861008,95846158,8065.68,-84.12,-89.02,34.4,34.8363
23:03:24.791 > 31760,579,95860766,95845908,8066.04,-81.31,-88.41,34.4,34.8551
23:03:24.844 > 31813,580,95861007,95846141,8067.73,-81.37,-88.16,34.4,34.8739
23:03:24.897 > 31866,581,95860744,95845891,8067.36,-81.31,-88.11,34.4,34.8410
23:03:24.950 > 31919,582,95860975,95846124,8063.77,-82.61,-88.54,34.4,34.8363
23:03:25.003 > 31972,583,95861238,95846387,8065.68,-83.35,-88.82,34.4,34.8363
23:03:25.056 > 32025,584,95860964,95846105,8069.12,-81.55,-88.22,34.4,34.8551
23:03:25.109 > 32078,585,95861227,95846369,8068.46,-83.48,-88.67,34.4,34.8551
23:03:25.162 > 32131,586,95860958,95846095,8066.26,-79.83,-88.46,35.4,34.8645
23:03:25.215 > 32184,587,95861216,95846346,8070.74,-81.19,-88.64,34.4,34.8833
23:03:25.268 > 32237,588,95860929,95846084,8052.11,-81.61,-88.81,34.4,34.8223
23:03:25.321 > 32290,589,95861202,95846323,8068.90,-82.55,-89.12,34.4,34.9020
23:03:25.374 > 32343,590,95860922,95846065,8065.46,-80.62,-88.07,35.4,34.8504
23:03:25.427 > 32396,591,95861177,95846316,8070.81,-81.79,-88.41,34.4,34.8598
23:03:25.480 > 32449,592,95860903,95846056,8070.30,-83.14,-88.77,34.4,34.8270
23:03:25.533 > 32502,593,95861167,95846304,8068.46,-81.49,-88.52,34.4,34.8645
23:03:25.586 > 32555,594,95860904,95846031,8067.95,-81.98,-88.50,34.4,34.8880
23:03:25.639 > 32608,595,95861144,95846297,8067.66,-81.79,-88.64,34.4,34.8270
23:03:25.692 > 32661,596,95860878,95846026,8065.09,-81.19,-88.43,34.4,34.8410
23:03:25.745 > 32714,597,95861140,95846270,8066.92,-81.25,-88.57,34.4,34.8833
23:03:25.798 > 32767,598,95860869,95846008,8070.00,-81.07,-88.11,34.4,34.8598
23:03:25.851 > 32820,599,95861130,95846261,8070.00,-81.98,-88.75,34.4,34.8786
23:03:25.904 > 32873,600,95860847,95845990,8062.23,-82.23,-88.63,34.4,34.8504
23:03:25.957 > 32926,601,95861117,95846242,8066.48,-82.10,-88.33,34.4,34.8926
23:03:26.010 > 32979,602,95860842,95845979,8068.61,-82.04,-88.42,34.4,34.8645
23:03:26.063 > 33032,603,95861105,95846240,8065.82,-81.30,-88.32,35.4,34.8692
23:03:26.116 > 33085,604,95860836,95845966,8067.14,-81.85,-88.47,34.4,34.8833
23:03:26.169 > 33138,605,95861089,95846233,8069.05,-83.21,-88.94,35.4,34.8504
23:03:26.222 > 33191,606,95860822,95845957,8062.82,-82.48,-89.18,35.4,34.8692
23:03:26.275 > 33244,607,95861090,95846226,8067.14,-82.04,-88.50,34.4,34.8692
23:03:26.340 > 33297,608,95860836,95845958,8063.40,-82.55,-88.78,35.4,34.9020
23:03:26.381 > 33350,609,95861093,95846236,8069.93,-81.37,-88.35,34.4,34.8504
23:03:26.434 > 33403,610,95860841,95845972,8068.02,-81.19,-88.48,34.4,34.8786
23:03:26.487 > 33456,611,95861104,95846241,8069.27,-81.13,-88.39,34.4,34.8645
23:03:26.540 > 33509,612,95860832,95845975,8065.82,-81.31,-88.12,35.4,34.8504
23:03:26.593 > 33562,613,95861115,95846241,8063.26,-81.25,-88.25,34.4,34.8926
23:03:26.646 > 33615,614,95860858,95845991,8065.60,-82.81,-88.85,34.4,34.8739
23:03:26.699 > 33668,615,95861124,95846270,8063.11,-80.50,-88.14,34.4,34.8457
23:03:26.752 > 33721,616,95860883,95846015,8066.41,-82.61,-89.19,34.4,34.8786
23:03:26.805 > 33774,617,95861142,95846277,8067.51,-81.73,-88.95,35.4,34.8692
23:03:26.858 > 33827,618,95860881,95846022,8067.88,-81.43,-88.77,34.4,34.8551
23:03:26.911 > 33880,619,95861163,95846303,8068.90,-80.79,-88.24,35.4,34.8598
23:03:26.964 > 33933,620,95860913,95846059,8068.39,-82.29,-88.48,35.4,34.8457
23:03:27.017 > 33986,621,95861198,95846323,8066.63,-82.29,-88.42,34.4,34.8926
23:03:27.070 > 34039,622,95860945,95846079,8069.34,-81.37,-88.63,35.4,34.8739
23:03:27.123 > 34092,623,95861225,95846361,8065.24,-82.23,-88.46,34.4,34.8692
23:03:27.176 > 34145,624,95860969,95846098,8069.27,-80.96,-88.29,34.4,34.8833
23:03:27.229 > 34198,625,95861246,95846387,8066.34,-80.90,-88.15,34.4,34.8551
23:03:27.282 > 34251,626,95860999,95846128,8066.70,-81.49,-88.14,34.4,34.8833
23:03:27.349 > 34304,627,95860768,95845896,8069.93,-83.08,-89.11,34.4,34.8880
23:03:27.388 > 34357,628,95861021,95846158,8068.10,-81.37,-88.28,34.4,34.8645
23:03:27.441 > 34410,629,95860783,95845926,8064.14,-81.25,-88.44,34.4,34.8504
23:03:27.494 > 34463,630,95861054,95846190,8068.32,-80.84,-87.91,34.4,34.8692
23:03:27.547 > 34516,631,95860816,95845962,8070.37,-82.68,-89.10,34.4,34.8457
23:03:27.600 > 34569,632,95861078,95846218,8067.29,-80.45,-88.38,34.4,34.8598
23:03:27.653 > 34622,633,95860846,95845991,8067.58,-81.31,-88.08,34.4,34.8457
23:03:27.706 > 34675,634,95861107,95846250,8063.62,-80.72,-88.15,35.4,34.8504
23:03:27.759 > 34728,635,95860883,95846022,8067.00,-81.49,-88.29,35.4,34.8598
23:03:27.812 > 34781,636,95861131,95846279,8067.14,-82.81,-89.02,34.4,34.8410
23:03:27.865 > 34834,637,95860889,95846037,8066.63,-82.10,-88.85,35.4,34.8410
23:03:27.918 > 34887,638,95861156,95846304,8068.76,-81.02,-88.17,34.4,34.8410
23:03:27.971 > 34940,639,95860928,95846072,8063.62,-82.68,-88.66,34.4,34.8504
23:03:28.024 > 34993,640,95861190,95846325,8062.82,-81.85,-88.74,34.4,34.8692
23:03:28.077 > 35046,641,95860958,95846091,8063.55,-80.67,-88.37,34.4,34.8739
23:03:28.130 > 35099,642,95861219,95846349,8069.27,-81.49,-88.46,34.4,34.8833
23:03:28.183 > 35152,643,95860977,95846119,8067.73,-81.19,-88.31,35.4,34.8551
23:03:28.236 > 35205,644,95861238,95846380,8065.90,-81.55,-88.41,34.4,34.8551
23:03:28.289 > 35258,645,95861011,95846146,8064.36,-81.25,-88.51,34.4,34.8692
23:03:28.343 > 35311,646,95860757,95845899,8066.04,-81.19,-88.49,34.4,34.8551
23:03:28.395 > 35364,647,95861035,95846178,8069.12,-81.43,-88.39,34.4,34.8504
23:03:28.448 > 35417,648,95860801,95845929,8067.22,-81.36,-88.04,34.4,34.8880
23:03:28.501 > 35470,649,95861071,95846210,8064.50,-82.61,-89.08,34.4,34.8598
23:03:28.554 > 35523,650,95860834,95845960,8063.40,-81.98,-88.58,34.4,34.8926
23:03:28.607 > 35576,651,95861099,95846249,8052.26,-81.14,-88.23,34.4,34.8363
23:03:28.660 > 35629,652,95860852,95845995,8062.38,-80.90,-88.21,34.4,34.8504
23:03:28.713 > 35682,653,95861144,95846267,8066.56,-81.14,-88.54,34.4,34.8973
23:03:28.766 > 35735,654,95860891,95846026,8069.05,-82.61,-89.11,35.4,34.8692
23:03:28.819 > 35788,655,95861171,95846308,8068.61,-82.55,-88.62,34.4,34.8645
23:03:28.872 > 35841,656,95860926,95846060,8066.85,-80.73,-88.00,35.4,34.8739
23:03:28.925 > 35894,657,95861204,95846334,8065.53,-80.63,-88.65,35.4,34.8833
23:03:28.978 > 35947,658,95860960,95846103,8066.48,-80.17,-88.40,34.4,34.8504
23:03:29.031 > 36000,659,95861238,95846373,8067.00,-82.80,-88.62,35.4,34.8692
23:03:29.084 > 36053,660,95860990,95846121,8066.56,-80.34,-88.13,34.4,34.8786
23:03:29.137 > 36106,661,95860757,95845907,8067.80,-82.35,-88.91,35.4,34.8363
23:03:29.190 > 36159,662,95861027,95846150,8063.84,-81.85,-88.95,34.4,34.8973
23:03:29.243 > 36212,663,95860789,95845928,8066.56,-83.07,-87.99,34.4,34.8598
23:03:29.296 > 36265,664,95861052,95846201,8051.97,-83.01,-88.38,34.4,34.8363
23:03:29.350 > 36318,665,95860818,95845971,8067.00,-81.61,-88.56,34.4,34.8270
23:03:29.402 > 36371,666,95861085,95846237,8052.19,-80.34,-88.36,34.4,34.8317
23:03:29.455 > 36424,667,95860852,95845991,8067.22,-82.17,-88.64,35.4,34.8598
23:03:29.508 > 36477,668,95861140,95846267,8065.31,-82.36,-88.82,35.4,34.8880
23:03:29.561 > 36530,669,95860893,95846036,8069.34,-81.44,-88.42,34.4,34.8504
23:03:29.614 > 36583,670,95861166,95846315,8062.74,-80.62,-88.03,34.4,34.8363
23:03:29.667 > 36636,671,95860951,95846088,8067.95,-79.86,-88.06,35.4,34.8645
23:03:29.720 > 36689,672,95861218,95846352,8050.94,-81.73,-88.79,34.4,34.8739
23:03:29.773 > 36742,673,95860990,95846129,8062.01,-81.86,-88.04,34.4,34.8598
23:03:29.826 > 36795,674,95861257,95846386,8051.23,-81.73,-88.78,34.4,34.8833
23:03:29.879 > 36848,675,95861026,95846170,8065.97,-81.03,-88.20,34.4,34.8504
23:03:29.932 > 36901,676,95860795,95845933,8068.24,-82.23,-87.56,35.4,34.8645
23:03:29.985 > 36954,677,95861079,95846214,8070.00,-81.80,-88.26,34.4,34.8692
23:03:30.038 > 37007,678,95860834,95845975,8065.31,-81.31,-88.72,34.4,34.8551
23:03:30.091 > 37060,679,95861132,95846266,8062.82,-81.68,-88.58,34.4,34.8739
23:03:30.144 > 37113,680,95860885,95846020,8068.98,-80.01,-88.40,34.4,34.8692
23:03:30.197 > 37166,681,95861165,95846314,8051.31,-82.23,-88.16,34.4,34.8363
23:03:30.250 > 37219,682,95860939,95846080,8064.36,-81.31,-88.07,34.4,34.8551
23:03:30.303 > 37272,683,95861228,95846354,8061.86,-81.55,-88.48,34.4,34.8926
23:03:30.356 > 37325,684,95860984,95846120,8062.74,-81.02,-88.22,35.4,34.8692
23:03:30.409 > 37378,685,95860765,95845899,8067.14,-81.55,-88.21,34.4,34.8739
23:03:30.462 > 37431,686,95861038,95846182,8068.24,-81.73,-88.10,34.4,34.8504
23:03:30.515 > 37484,687,95860811,95845952,8063.55,-83.27,-88.86,34.4,34.8551
23:03:30.568 > 37537,688,95861081,95846221,8067.36,-79.58,-88.51,34.4,34.8598
23:03:30.621 > 37590,689,95860860,95846004,8061.86,-79.92,-88.27,34.4,34.8504
23:03:30.674 > 37643,690,95861141,95846268,8063.26,-80.12,-88.52,34.4,34.8880
23:03:30.727 > 37696,691,95860906,95846041,8067.14,-81.50,-87.77,35.4,34.8692
23:03:30.780 > 37749,692,95861194,95846334,8065.46,-82.23,-88.75,34.4,34.8598
23:03:30.833 > 37802,693,95860960,95846108,8051.23,-82.23,-88.87,35.4,34.8410
23:03:30.886 > 37855,694,95861247,95846386,8068.98,-81.61,-88.16,34.4,34.8598
23:03:30.939 > 37908,695,95861034,95846167,8064.94,-81.68,-88.27,34.4,34.8739
23:03:30.992 > 37961,696,95860801,95845945,8066.85,-81.85,-88.74,34.4,34.8504
23:03:31.045 > 38014,697,95861091,95846233,8064.94,-81.20,-88.79,34.4,34.8551
23:03:31.098 > 38067,698,95860865,95845995,8065.46,-80.79,-88.19,34.4,34.8833
23:03:31.151 > 38120,699,95861155,95846296,8062.23,-79.97,-88.22,35.4,34.8551
23:03:31.204 > 38173,700,95860928,95846062,8066.34,-82.04,-88.02,34.4,34.8739
23:03:31.257 > 38226,701,95861220,95846356,8062.52,-82.35,-88.45,34.4,34.8692
23:03:31.310 > 38279,702,95860982,95846140,8070.88,-82.55,-88.52,35.4,34.8176
23:03:31.374 > 38332,703,95860775,95845904,8067.51,-81.03,-88.29,34.4,34.8833
23:03:31.416 > 38385,704,95861053,95846190,8067.58,-82.23,-88.21,34.4,34.8645
23:03:31.469 > 38438,705,95860832,95845976,8066.78,-82.61,-88.73,34.4,34.8504
23:03:31.522 > 38491,706,95861111,95846255,8062.16,-81.98,-88.50,34.4,34.8504
23:03:31.575 > 38544,707,95860889,95846043,8062.74,-81.44,-88.16,34.4,34.8270
23:03:31.628 > 38597,708,95861188,95846318,8067.44,-81.02,-88.11,34.4,34.8833
23:03:31.681 > 38650,709,95860971,95846112,8068.17,-82.74,-88.51,34.4,34.8551
23:03:31.734 > 38703,710,95861243,95846400,8065.24,-81.02,-88.18,34.4,34.8176
23:03:31.787 > 38756,711,95861029,95846170,8065.53,-80.97,-88.12,34.4,34.8551
23:03:31.840 > 38809,712,95860814,95845950,8051.67,-80.50,-88.13,34.4,34.8692
23:03:31.893 > 38862,713,95861096,95846233,8065.46,-81.20,-88.31,34.4,34.8645
23:03:31.946 > 38915,714,95860875,95846007,8067.29,-83.14,-88.61,34.4,34.8786
23:03:31.999 > 38968,715,95861170,95846301,8064.87,-81.20,-88.15,35.4,34.8786
23:03:32.052 > 39021,716,95860938,95846078,8063.33,-81.43,-88.79,34.4,34.8598
23:03:32.105 > 39074,717,95861231,95846370,8064.06,-81.50,-88.41,34.4,34.8598
23:03:32.158 > 39127,718,95861005,95846150,8063.84,-79.63,-88.20,35.4,34.8457
23:03:32.211 > 39180,719,95860785,95845916,8064.50,-81.74,-88.47,34.4,34.8786
23:03:32.264 > 39233,720,95861075,95846202,8062.82,-80.39,-88.55,34.4,34.8880
23:03:32.327 > 39286,721,95860858,95845991,8065.24,-81.38,-88.22,34.4,34.8739
23:03:32.370 > 39339,722,95861138,95846276,8066.85,-79.84,-88.65,34.4,34.8645
23:03:32.423 > 39392,723,95860910,95846052,8065.60,-81.98,-88.62,34.4,34.8551
23:03:32.476 > 39445,724,95861206,95846336,8064.94,-81.61,-88.46,34.4,34.8833
23:03:32.529 > 39498,725,95860983,95846130,8062.82,-81.44,-88.00,34.4,34.8410
23:03:32.582 > 39551,726,95860767,95845907,8064.72,-80.50,-88.51,34.4,34.8598
23:03:32.635 > 39604,727,95861059,95846199,8066.34,-81.38,-88.78,35.4,34.8598
23:03:32.688 > 39657,728,95860842,95845986,8062.08,-81.13,-88.42,34.4,34.8504
23:03:32.741 > 39710,729,95861137,95846277,8065.38,-80.41,-88.42,34.4,34.8598
23:03:32.794 > 39763,730,95860909,95846063,8051.89,-80.79,-88.26,34.4,34.8270
23:03:32.847 > 39816,731,95861219,95846357,8050.21,-80.80,-88.41,35.4,34.8645
23:03:32.900 > 39869,732,95860991,95846144,8061.79,-80.96,-88.15,34.4,34.8270
23:03:32.953 > 39922,733,95860790,95845937,8064.50,-82.61,-88.65,34.4,34.8410
23:03:33.006 > 39975,734,95861094,95846231,8065.16,-82.42,-88.66,34.4,34.8645
23:03:33.059 > 40028,735,95860886,95846019,8067.36,-81.92,-88.67,35.4,34.8739
23:03:33.112 > 40081,736,95861182,95846320,8062.23,-80.56,-87.94,34.4,34.8645
23:03:33.165 > 40134,737,95860973,95846113,8065.97,-80.91,-88.08,34.4,34.8598
23:03:33.218 > 40187,738,95860762,95845904,8068.17,-82.04,-88.93,34.4,34.8551
23:03:33.271 > 40240,739,95861063,95846216,8068.68,-80.60,-88.15,34.4,34.8270
23:03:33.324 > 40293,740,95860839,95845979,8051.75,-81.13,-88.27,35.4,34.8598
23:03:33.377 > 40346,741,95861146,95846291,8069.49,-80.90,-88.25,34.4,34.8457
23:03:33.430 > 40399,742,95860929,95846068,8050.65,-82.23,-88.78,34.4,34.8598
23:03:33.483 > 40452,743,95861243,95846377,8064.72,-81.25,-88.09,34.4,34.8739
23:03:33.536 > 40505,744,95861029,95846169,8062.38,-80.67,-88.32,35.4,34.8598
23:03:33.589 > 40558,745,95860821,95845962,8066.70,-80.96,-88.08,34.4,34.8551
23:03:33.642 > 40611,746,95861104,95846248,8066.85,-81.08,-88.13,34.4,34.8504
23:03:33.695 > 40664,747,95860896,95846042,8052.26,-82.10,-88.69,34.4,34.8457
23:03:33.748 > 40717,748,95861180,95846315,8068.39,-82.61,-88.79,34.4,34.8692
23:03:33.801 > 40770,749,95860989,95846119,8062.08,-81.31,-88.10,34.4,34.8833
23:03:33.854 > 40823,750,95860780,95845907,8066.12,-81.02,-88.55,34.4,34.8880
23:03:33.907 > 40876,751,95861057,95846193,8063.48,-83.01,-88.76,34.4,34.8692
23:03:33.960 > 40929,752,95860833,95845980,8066.48,-83.83,-89.05,34.4,34.8410
23:03:34.013 > 40982,753,95861153,95846282,8069.86,-81.61,-88.62,34.4,34.8833
23:03:34.066 > 41035,754,95860893,95846048,8068.54,-81.24,-88.15,34.4,34.8223
23:03:34.119 > 41088,755,95861202,95846353,8067.88,-82.10,-88.55,35.4,34.8317
23:03:34.172 > 41141,756,95860978,95846115,8064.80,-82.94,-88.66,35.4,34.8645
23:03:34.225 > 41194,757,95860771,95845898,8063.04,-80.97,-88.24,35.4,34.8880
23:03:34.278 > 41247,758,95861035,95846177,8061.86,-82.88,-88.83,35.4,34.8551
23:03:34.341 > 41300,759,95860821,95845966,8065.60,-81.50,-88.32,35.4,34.8457
23:03:34.384 > 41353,760,95861121,95846244,8065.09,-80.84,-88.08,34.4,34.8973
23:03:34.437 > 41406,761,95860897,95846037,8061.94,-80.68,-88.06,35.4,34.8598
23:03:34.490 > 41459,762,95861197,95846328,8063.55,-81.43,-88.08,34.4,34.8786
23:03:34.543 > 41512,763,95860973,95846114,8066.19,-82.67,-88.70,35.4,34.8551
23:03:34.596 > 41565,764,95861268,95846396,8051.09,-81.19,-88.42,34.4,34.8880
23:03:34.649 > 41618,765,95861052,95846178,8064.14,-82.35,-88.24,35.4,34.8926
23:03:34.702 > 41671,766,95860832,95845963,8062.96,-81.73,-88.49,34.4,34.8786
23:03:34.755 > 41724,767,95861138,95846270,8051.82,-81.68,-88.53,34.4,34.8786
23:03:34.808 > 41777,768,95860898,95846049,8062.45,-81.61,-88.15,35.4,34.8317
23:03:34.861 > 41830,769,95861214,95846344,8065.38,-81.61,-88.36,35.4,34.8833
23:03:34.914 > 41883,770,95860998,95846137,8064.43,-81.85,-88.21,35.4,34.8598
23:03:34.967 > 41936,771,95860788,95845923,8063.77,-83.27,-88.68,35.4,34.8692
23:03:35.020 > 41989,772,95861084,95846221,8062.67,-82.17,-88.55,35.4,34.8645
23:03:35.073 > 42042,773,95860883,95846030,8066.56,-81.80,-88.43,34.4,34.8410
23:03:35.126 > 42095,774,95861168,95846305,8063.62,-82.23,-88.19,35.4,34.8645
23:03:35.179 > 42148,775,95860973,95846098,8065.16,-81.80,-88.22,35.4,34.8926
23:03:35.232 > 42201,776,95861260,95846392,8064.14,-81.43,-88.07,35.4,34.8786
23:03:35.285 > 42254,777,95861045,95846194,8062.16,-83.47,-88.64,35.4,34.8363
23:03:35.352 > 42307,778,95860834,95845957,8064.94,-81.55,-88.49,34.4,34.8973
23:03:35.391 > 42360,779,95861132,95846276,8062.89,-81.50,-88.48,35.4,34.8504
23:03:35.444 > 42413,780,95860913,95846052,8065.82,-81.73,-88.07,34.4,34.8598
23:03:35.497 > 42466,781,95861216,95846357,8064.36,-83.68,-88.64,34.4,34.8551
23:03:35.550 > 42519,782,95861004,95846136,8065.16,-82.04,-88.09,35.4,34.8786
23:03:35.603 > 42572,783,95860787,95845919,8064.36,-83.20,-88.31,34.4,34.8786
23:03:35.656 > 42625,784,95861086,95846225,8051.23,-82.17,-88.50,34.4,34.8598
23:03:35.709 > 42678,785,95860883,95846011,8064.58,-83.20,-88.77,35.4,34.8880
23:03:35.762 > 42731,786,95861157,95846302,8065.82,-83.83,-88.95,34.4,34.8457
23:03:35.815 > 42784,787,95860963,95846097,8061.72,-81.20,-88.27,34.4,34.8739
23:03:35.868 > 42837,788,95861257,95846393,8062.96,-81.37,-88.17,34.4,34.8692
23:03:35.921 > 42890,789,95861038,95846184,8063.48,-81.38,-88.09,34.4,34.8457
23:03:35.974 > 42943,790,95860828,95845968,8061.86,-82.23,-88.51,35.4,34.8598
23:03:36.027 > 42996,791,95861132,95846268,8063.70,-81.32,-88.42,35.4,34.8692
23:03:36.080 > 43049,792,95860911,95846067,8066.34,-81.92,-88.31,35.4,34.8223
23:03:36.133 > 43102,793,95861225,95846364,8063.77,-81.32,-88.27,34.4,34.8598
23:03:36.186 > 43155,794,95861021,95846152,8050.65,-81.79,-88.52,35.4,34.8786
23:03:36.239 > 43208,795,95860804,95845952,8063.92,-82.10,-88.25,34.4,34.8410
23:03:36.292 > 43261,796,95861103,95846251,8067.29,-82.36,-88.12,34.4,34.8410
23:03:36.345 > 43314,797,95860915,95846054,8050.21,-81.74,-87.92,34.4,34.8598
23:03:36.398 > 43367,798,95861226,95846359,8069.86,-82.23,-88.49,34.4,34.8739
23:03:36.451 > 43420,799,95861023,95846156,8067.51,-82.23,-88.30,35.4,34.8739
23:03:36.504 > 43473,800,95860830,95845950,8065.46,-81.92,-88.20,35.4,34.9067
23:03:36.557 > 43526,801,95861133,95846268,8066.19,-83.89,-89.12,35.4,34.8692
23:03:36.610 > 43579,802,95860929,95846075,8064.14,-82.61,-88.13,35.4,34.8457
23:03:36.663 > 43632,803,95861248,95846390,8063.18,-82.17,-87.96,35.4,34.8551
23:03:36.716 > 43685,804,95861050,95846178,8069.49,-82.74,-88.13,35.4,34.8880
23:03:36.769 > 43738,805,95860860,95845998,8064.87,-81.61,-87.88,35.4,34.8645
23:03:36.822 > 43791,806,95861162,95846314,8063.04,-81.43,-87.70,34.4,34.8317
23:03:36.875 > 43844,807,95860966,95846113,8067.80,-81.80,-88.44,35.4,34.8410
23:03:36.928 > 43897,808,95860775,95845904,8066.04,-81.73,-88.49,34.4,34.8833
23:03:36.981 > 43950,809,95861087,95846233,8064.58,-81.38,-88.18,34.4,34.8457
23:03:37.034 > 44003,810,95860889,95846030,8064.06,-82.10,-88.11,35.4,34.8551
23:03:37.087 > 44056,811,95861204,95846354,8064.28,-83.68,-88.97,34.4,34.8363
23:03:37.140 > 44109,812,95861003,95846137,8062.60,-82.17,-88.64,35.4,34.8739
23:03:37.193 > 44162,813,95860821,95845951,8065.53,-82.10,-88.49,34.4,34.8833
23:03:37.246 > 44215,814,95861124,95846246,8050.28,-82.74,-88.52,35.4,34.9020
23:03:37.299 > 44268,815,95860911,95846060,8064.65,-80.85,-88.10,34.4,34.8363
23:03:37.356 > 44321,816,95861219,95846356,8067.29,-80.63,-88.28,35.4,34.8645
23:03:37.405 > 44374,817,95861027,95846163,8064.28,-82.17,-88.54,34.4,34.8692
23:03:37.458 > 44427,818,95860813,95845942,8065.46,-81.49,-88.16,35.4,34.8833
23:03:37.511 > 44480,819,95861105,95846262,8065.02,-81.67,-88.43,34.4,34.8176
23:03:37.564 > 44533,820,95860905,95846037,8064.21,-81.85,-88.35,34.4,34.8786
23:03:37.617 > 44586,821,95861201,95846346,8069.05,-82.42,-88.72,35.4,34.8457
23:03:37.670 > 44639,822,95860996,95846133,8064.50,-82.68,-88.85,34.4,34.8645
23:03:37.723 > 44692,823,95860801,95845929,8065.09,-80.79,-88.06,35.4,34.8880
23:03:37.776 > 44745,824,95861088,95846230,8065.02,-81.37,-88.21,34.4,34.8551
23:03:37.829 > 44798,825,95860896,95846034,8063.11,-81.31,-88.48,34.4,34.8645
23:03:37.882 > 44851,826,95861189,95846328,8062.82,-80.96,-88.25,35.4,34.8598
23:03:37.935 > 44904,827,95861008,95846140,8066.92,-80.23,-88.07,35.4,34.8786
23:03:37.988 > 44957,828,95860779,95845924,8049.84,-80.96,-87.76,34.4,34.8457
23:03:38.041 > 45010,829,95861097,95846239,8068.61,-81.73,-88.24,34.4,34.8551
23:03:38.094 > 45063,830,95860887,95846017,8064.58,-81.79,-88.42,35.4,34.8833
23:03:38.147 > 45116,831,95861209,95846342,8066.78,-81.79,-88.35,34.4,34.8739
23:03:38.200 > 45169,832,95860993,95846122,8050.65,-81.85,-87.74,34.4,34.8833
23:03:38.253 > 45222,833,95860810,95845941,8051.09,-83.21,-88.41,35.4,34.8786
23:03:38.326 > 45275,834,95861101,95846245,8063.33,-83.01,-88.46,35.4,34.8504
23:03:38.380 > 45328,835,95860901,95846050,8065.46,-81.37,-88.23,35.4,34.8363
23:03:38.412 > 45381,836,95861206,95846337,8064.72,-80.96,-88.41,34.4,34.8786
23:03:38.465 > 45434,837,95861012,95846142,8063.40,-81.13,-88.15,35.4,34.8833
23:03:38.518 > 45487,838,95860787,95845936,8066.12,-80.73,-87.96,35.4,34.8363
23:03:38.571 > 45540,839,95861105,95846244,8063.33,-80.39,-87.75,35.4,34.8598
23:03:38.624 > 45593,840,95860891,95846037,8067.29,-81.31,-88.38,35.4,34.8457
23:03:38.677 > 45646,841,95861205,95846347,8061.72,-81.43,-88.69,35.4,34.8551
23:03:38.730 > 45699,842,95860997,95846128,8065.38,-83.62,-88.55,35.4,34.8786
23:03:38.783 > 45752,843,95860781,95845923,8063.18,-81.61,-88.80,34.4,34.8551
23:03:38.836 > 45805,844,95861087,95846228,8066.48,-81.42,-88.43,35.4,34.8551
23:03:38.889 > 45858,845,95860887,95846024,8066.78,-80.12,-88.45,34.4,34.8645
23:03:38.942 > 45911,846,95861181,95846316,8069.05,-84.04,-88.48,35.4,34.8692
23:03:38.995 > 45964,847,95860969,95846105,8063.84,-81.31,-88.27,34.4,34.8692
23:03:39.048 > 46017,848,95860753,95845901,8063.99,-81.25,-88.36,34.4,34.8410
23:03:39.101 > 46070,849,95861068,95846209,8052.11,-80.17,-88.82,35.4,34.8551
23:03:39.154 > 46123,850,95860847,95845991,8069.71,-83.97,-88.74,34.4,34.8504
23:03:39.207 > 46176,851,95861163,95846307,8064.80,-79.84,-88.30,34.4,34.8504
23:03:39.259 > 46229,852,95860959,95846114,8066.12,-79.53,-88.97,35.4,34.8223
23:03:39.313 > 46282,853,95860766,95845913,8049.77,-83.01,-88.20,35.4,34.8410
23:03:39.370 > 46335,854,95861079,95846215,8051.89,-79.90,-88.50,34.4,34.8692
23:03:39.419 > 46388,855,95860893,95846025,8065.31,-82.94,-88.40,34.4,34.8786
23:03:39.472 > 46441,856,95861183,95846328,8061.79,-82.42,-88.87,34.4,34.8457
23:03:39.525 > 46494,857,95861001,95846144,8065.68,-79.90,-88.07,34.4,34.8504
23:03:39.578 > 46547,858,95860792,95845940,8064.21,-81.55,-88.69,34.4,34.8410
23:03:39.631 > 46600,859,95861126,95846263,8064.50,-82.29,-88.17,35.4,34.8645
23:03:39.684 > 46653,860,95860913,95846049,8051.67,-81.37,-88.02,34.4,34.8692
23:03:39.737 > 46706,861,95861235,95846363,8069.93,-79.34,-88.23,35.4,34.8880
23:03:39.790 > 46759,862,95861033,95846179,8065.60,-83.97,-88.41,34.4,34.8457
23:03:39.843 > 46812,863,95860846,95845971,8063.55,-80.13,-88.31,34.4,34.8926
23:03:39.896 > 46865,864,95861140,95846288,8063.70,-83.68,-89.25,35.4,34.8410
23:03:39.949 > 46918,865,95860956,95846093,8065.60,-83.43,-88.54,34.4,34.8645
23:03:40.002 > 46971,866,95861257,95846386,8062.52,-79.95,-88.31,34.4,34.8833
23:03:40.055 > 47024,867,95861060,95846186,8065.38,-81.43,-88.09,34.4,34.8926
23:03:40.108 > 47077,868,95860853,95845990,8064.43,-82.81,-88.76,34.4,34.8645
23:03:40.161 > 47130,869,95861167,95846308,8064.80,-80.06,-87.94,35.4,34.8551
23:03:40.214 > 47183,870,95860961,95846096,8065.82,-80.96,-88.32,34.4,34.8692
23:03:40.267 > 47236,871,95860766,95845897,8065.75,-80.34,-88.16,34.4,34.8786
23:03:40.322 > 47289,872,95861084,95846209,8048.96,-80.34,-88.48,35.4,34.8926
23:03:40.372 > 47342,873,95860871,95846018,8065.02,-82.10,-89.01,34.4,34.8410
23:03:40.426 > 47395,874,95861188,95846318,8051.60,-82.36,-88.13,35.4,34.8833
23:03:40.479 > 47448,875,95860992,95846121,8052.26,-81.55,-88.13,34.4,34.8833
23:03:40.531 > 47501,876,95860779,95845925,8065.16,-80.73,-88.42,34.4,34.8457
23:03:40.585 > 47554,877,95861094,95846252,8064.06,-82.23,-88.36,34.4,34.8176
23:03:40.638 > 47607,878,95860901,95846037,8066.56,-81.19,-88.37,34.4,34.8692
23:03:40.691 > 47660,879,95861207,95846362,8066.34,-82.23,-88.78,35.4,34.8223
23:03:40.744 > 47713,880,95861020,95846150,8067.66,-80.90,-88.51,35.4,34.8833
23:03:40.797 > 47766,881,95860826,95845961,8062.89,-81.19,-89.14,34.4,34.8692
23:03:40.850 > 47819,882,95861141,95846262,8063.18,-82.68,-88.77,34.4,34.9020
23:03:40.903 > 47872,883,95860947,95846079,8061.86,-80.17,-88.48,34.4,34.8786
23:03:40.956 > 47925,884,95861243,95846385,8064.80,-81.37,-88.12,34.4,34.8551
23:03:41.009 > 47978,885,95861069,95846205,8068.10,-81.61,-88.09,34.4,34.8692
23:03:41.062 > 48031,886,95860853,95845986,8064.65,-80.90,-88.01,34.4,34.8739
23:03:41.115 > 48084,887,95861183,95846315,8068.24,-81.67,-88.35,34.4,34.8786
23:03:41.168 > 48137,888,95860965,95846105,8065.09,-82.61,-88.80,34.4,34.8598
23:03:41.221 > 48190,889,95860779,95845926,8066.19,-82.88,-88.80,34.4,34.8410
23:03:41.274 > 48243,890,95861107,95846236,8064.36,-80.43,-88.37,34.4,34.8833
23:03:41.327 > 48296,891,95860905,95846046,8067.58,-82.35,-88.35,35.4,34.8551
23:03:41.379 > 48349,892,95861225,95846355,8064.87,-81.32,-88.41,34.4,34.8833
23:03:41.433 > 48402,893,95861046,95846180,8063.04,-81.19,-88.49,34.4,34.8739
23:03:41.486 > 48455,894,95860838,95845970,8065.24,-82.17,-88.85,35.4,34.8786
23:03:41.538 > 48508,895,95861165,95846313,8064.80,-80.17,-88.19,35.4,34.8410
23:03:41.592 > 48561,896,95860970,95846111,8065.68,-79.63,-88.41,34.4,34.8551
23:03:41.645 > 48614,897,95860785,95845925,8063.99,-80.50,-88.49,34.4,34.8598
23:03:41.698 > 48667,898,95861101,95846246,8065.24,-81.55,-88.81,34.4,34.8457
23:03:41.751 > 48720,899,95860914,95846050,8064.28,-81.36,-89.05,34.4,34.8692
23:03:41.804 > 48773,900,95861212,95846368,8061.72,-82.29,-88.92,34.4,34.8223
23:03:41.857 > 48826,901,95861045,95846176,8051.82,-82.29,-88.47,34.4,34.8786
23:03:41.910 > 48879,902,95860832,95845979,8064.36,-81.31,-88.42,35.4,34.8410
23:03:41.963 > 48932,903,95861160,95846305,8061.86,-80.34,-88.04,35.4,34.8457
23:03:42.016 > 48985,904,95860965,95846108,8051.45,-80.84,-88.31,34.4,34.8504
23:03:42.069 > 49038,905,95860775,95845905,8065.31,-81.85,-88.99,35.4,34.8833
23:03:42.122 > 49091,906,95861091,95846226,8064.65,-80.28,-88.43,35.4,34.8692
23:03:42.175 > 49144,907,95860895,95846035,8051.82,-81.31,-88.82,34.4,34.8598
23:03:42.228 > 49197,908,95861212,95846356,8065.53,-81.08,-88.24,34.4,34.8504
23:03:42.281 > 49250,909,95861031,95846173,8051.82,-81.25,-88.33,34.4,34.8551
23:03:42.345 > 49303,910,95860825,95845969,8063.99,-81.25,-88.71,35.4,34.8504
23:03:42.387 > 49356,911,95861149,95846298,8062.67,-80.45,-88.41,35.4,34.8363
23:03:42.440 > 49409,912,95860960,95846082,8064.80,-80.79,-88.23,34.4,34.9020
23:03:42.493 > 49462,913,95860771,95845910,8067.14,-82.04,-88.32,34.4,34.8598
23:03:42.546 > 49515,914,95861092,95846232,8062.01,-81.31,-88.40,34.4,34.8598
23:03:42.599 > 49568,915,95860900,95846050,8064.36,-80.67,-88.01,35.4,34.8363
23:03:42.652 > 49621,916,95861217,95846370,8051.09,-81.13,-88.26,35.4,34.8270
23:03:42.705 > 49674,917,95861046,95846188,8047.86,-81.08,-87.87,34.4,34.8551
23:03:42.758 > 49727,918,95860846,95845978,8063.04,-81.31,-88.39,34.4,34.8786
23:03:42.811 > 49780,919,95861169,95846313,8064.72,-83.21,-88.89,34.4,34.8504
23:03:42.864 > 49833,920,95860971,95846126,8064.94,-81.49,-88.44,35.4,34.8223
23:03:42.917 > 49886,921,95860809,95845942,8067.88,-80.90,-88.02,34.4,34.8739
23:03:42.970 > 49939,922,95861127,95846258,8063.92,-81.02,-88.06,34.4,34.8786
23:03:43.023 > 49992,923,95860941,95846072,8062.38,-81.55,-88.30,34.4,34.8786
23:03:43.075 > 50045,924,95861262,95846400,8065.02,-83.62,-89.33,34.4,34.8645
23:03:43.129 > 50098,925,95861083,95846218,8065.46,-81.55,-88.33,34.4,34.8692
23:03:43.182 > 50151,926,95860886,95846021,8049.77,-81.49,-88.62,35.4,34.8692
23:03:43.235 > 50204,927,95861210,95846353,8062.16,-81.79,-88.56,34.4,34.8504
23:03:43.288 > 50257,928,95861024,95846150,8048.81,-82.23,-88.63,35.4,34.8926
23:03:43.352 > 50310,929,95860826,95845977,8049.99,-81.02,-88.23,34.4,34.8317
23:03:43.393 > 50363,930,95861146,95846291,8063.40,-83.08,-89.03,34.4,34.8457
23:03:43.447 > 50416,931,95860968,95846114,8065.68,-80.62,-88.25,35.4,34.8457
23:03:43.500 > 50469,932,95860771,95845906,8066.34,-81.19,-88.29,35.4,34.8692
23:03:43.552 > 50522,933,95861099,95846226,8065.24,-81.67,-88.30,34.4,34.8880
23:03:43.606 > 50575,934,95860901,95846038,8064.72,-81.08,-88.31,34.4,34.8645
23:03:43.659 > 50628,935,95861221,95846364,8066.41,-81.02,-88.21,34.4,34.8504
23:03:43.712 > 50681,936,95861027,95846166,8067.80,-82.17,-88.41,34.4,34.8598
23:03:43.765 > 50734,937,95860838,95845982,8068.02,-81.55,-88.10,35.4,34.8504
23:03:43.818 > 50787,938,95861161,95846295,8050.87,-81.31,-88.37,34.4,34.8739
23:03:43.871 > 50840,939,95860978,95846109,8050.65,-83.21,-88.88,34.4,34.8786
23:03:43.924 > 50893,940,95860779,95845913,8064.65,-82.68,-88.67,34.4,34.8739
23:03:43.976 > 50946,941,95861101,95846233,8063.04,-81.92,-88.70,34.4,34.8786
23:03:44.030 > 50999,942,95860906,95846031,8062.89,-82.61,-88.77,34.4,34.8926
23:03:44.082 > 51052,943,95861235,95846375,8067.80,-82.55,-88.88,35.4,34.8598
23:03:44.135 > 51105,944,95861038,95846177,8051.45,-83.69,-88.86,34.4,34.8598
23:03:44.189 > 51158,945,95860866,95846000,8065.09,-82.17,-88.45,34.4,34.8739
23:03:44.242 > 51211,946,95861168,95846301,8064.72,-81.61,-88.23,35.4,34.8739
23:03:44.295 > 51264,947,95860995,95846126,8065.46,-80.73,-88.02,34.4,34.8786
23:03:44.347 > 51317,948,95860783,95845932,8065.02,-82.68,-88.77,34.4,34.8363
