23:03:58.047 > TimeMs,Seq,T_round,T_reply,CFO_ppm,RSSI,FPP,T_ESP,RawDist
23:03:58.052 > 1126,1,95861575,95846304,8050.94,-91.13,-95.50,34.4,35.8216
23:03:58.106 > 1179,2,95861300,95846011,8065.60,-90.26,-93.76,35.4,35.8638
23:03:58.159 > 1232,3,95861213,95845919,8062.74,-91.77,-94.19,34.4,35.8779
23:03:58.212 > 1285,4,95861603,95846319,8049.77,-91.12,-94.31,35.4,35.8545
23:03:58.265 > 1338,5,95861493,95846199,8045.44,-92.12,-94.21,34.4,35.8779
23:03:58.327 > 1391,6,95861358,95846086,8063.99,-93.09,-95.79,35.4,35.8263
23:03:58.371 > 1444,7,95861277,95845969,8064.65,-88.76,-91.56,35.4,35.9108
23:03:58.424 > 1497,8,95861657,95846361,8050.28,-91.93,-94.33,34.4,35.8826
23:03:58.477 > 1550,9,95861544,95846255,8050.79,-91.84,-93.00,34.4,35.8638
23:03:58.530 > 1603,10,95861422,95846137,8050.65,-91.17,-93.98,35.4,35.8545
23:03:58.583 > 1656,11,95861311,95845994,8050.79,-90.57,-92.91,35.4,35.9295
23:03:58.636 > 1709,12,95861704,95846397,8050.65,-90.56,-91.66,35.4,35.9061
23:03:58.689 > 1762,13,95861580,95846297,8052.11,-88.93,-91.19,34.4,35.8498
23:03:58.742 > 1815,14,95861458,95846164,8062.16,-89.11,-91.33,35.4,35.8779
23:03:58.795 > 1868,15,95861341,95846040,8049.62,-89.49,-91.58,35.4,35.8920
23:03:58.848 > 1921,16,95861212,95845923,8061.94,-88.93,-90.77,35.4,35.8638
23:03:58.901 > 1974,17,95861612,95846308,8065.90,-88.76,-90.44,35.4,35.9014
23:03:58.954 > 2027,18,95861479,95846190,8064.58,-89.11,-90.71,35.4,35.8638
23:03:59.007 > 2080,19,95861366,95846076,8061.79,-84.73,-89.03,35.4,35.8685
23:03:59.060 > 2133,20,95861232,95845954,8063.55,-89.15,-91.15,35.4,35.8404
23:03:59.113 > 2186,21,95861634,95846346,8064.72,-88.40,-89.58,35.4,35.8638
23:03:59.166 > 2239,22,95861501,95846216,8051.16,-88.19,-89.32,34.4,35.8545
23:03:59.219 > 2292,23,95861388,95846107,8049.40,-88.86,-90.42,35.4,35.8451
23:03:59.272 > 2345,24,95861262,95845968,8049.91,-88.46,-90.13,35.4,35.8779
23:03:59.325 > 2398,25,95861675,95846374,8064.21,-89.18,-91.39,35.4,35.8920
23:03:59.378 > 2451,26,95861540,95846240,8049.25,-88.56,-90.20,35.4,35.8920
23:03:59.431 > 2504,27,95861410,95846130,8050.21,-88.44,-89.90,35.4,35.8451
23:03:59.484 > 2557,28,95861285,95846003,8066.85,-88.86,-90.99,35.4,35.8498
23:03:59.537 > 2610,29,95861177,95845891,8063.84,-88.49,-90.49,34.4,35.8592
23:03:59.590 > 2663,30,95861560,95846282,8062.08,-88.46,-90.35,34.4,35.8404
23:03:59.643 > 2716,31,95861458,95846159,8051.38,-88.11,-90.50,35.4,35.8873
23:03:59.696 > 2769,32,95861336,95846047,8046.25,-87.42,-90.26,35.4,35.8638
23:03:59.749 > 2822,33,95861204,95845929,8048.23,-88.05,-89.72,35.4,35.8310
23:03:59.802 > 2875,34,95861597,95846322,8062.89,-86.71,-89.68,35.4,35.8310
23:03:59.855 > 2928,35,95861491,95846209,8063.26,-88.42,-90.58,35.4,35.8498
23:03:59.908 > 2981,36,95861364,95846098,8065.38,-89.07,-91.31,34.4,35.8122
23:03:59.961 > 3034,37,95861264,95845972,8051.82,-92.21,-94.78,35.4,35.8732
23:04:00.014 > 3087,38,95861677,95846345,8049.91,-88.66,-91.95,34.4,35.9671
23:04:00.067 > 3140,39,95861538,95846241,8066.48,-93.27,-96.46,35.4,35.8826
23:04:00.120 > 3193,40,95861419,95846123,8063.77,-91.74,-95.00,35.4,35.8826
23:04:00.173 > 3246,41,95861299,95846012,8063.04,-91.91,-96.24,34.4,35.8592
23:04:00.226 > 3299,42,95861185,95845917,8065.24,-91.84,-97.82,34.4,35.8169
23:04:00.279 > 3352,43,95861597,95846298,8051.31,-93.09,-97.40,34.4,35.8873
23:04:00.340 > 3405,44,95861494,95846188,8062.82,-92.79,-97.88,35.4,35.9061
23:04:00.385 > 3458,45,95861362,95846070,8050.94,-92.91,-97.16,35.4,35.8732
23:04:00.438 > 3511,46,95861236,95845966,8063.84,-92.23,-97.94,35.4,35.8216
23:04:00.491 > 3564,47,95861642,95846380,8064.50,-93.56,-97.53,35.4,35.8029
23:04:00.544 > 3617,48,95861526,95846257,8049.91,-91.98,-97.76,35.4,35.8169
23:04:00.597 > 3670,49,95861428,95846154,8063.18,-99.32,-98.67,35.4,35.8310
23:04:00.650 > 3723,50,95861295,95846036,8048.01,-94.10,-97.98,35.4,35.7935
23:04:00.703 > 3776,51,95861195,95845918,8048.08,-92.01,-98.67,35.4,35.8357
23:04:00.756 > 3829,52,95861586,95846330,8064.50,-94.10,-100.23,35.4,35.7888
23:04:00.809 > 3882,53,95861483,95846229,8051.60,-92.59,-99.14,35.4,35.7841
23:04:00.862 > 3935,54,95861362,95846111,8063.84,-92.20,-98.27,35.4,35.7747
23:04:00.915 > 3988,55,95861268,95845998,8063.62,-89.19,-96.02,35.4,35.8216
23:04:01.043 > 4116,57,95861554,95846291,8049.25,-91.23,-96.84,35.4,35.8029
23:04:01.096 > 4169,58,95861426,95846133,8064.06,-88.70,-92.93,35.4,35.8732
23:04:01.149 > 4222,59,95861309,95846034,8063.40,-89.74,-94.26,35.4,35.8310
23:04:01.202 > 4275,60,95861201,95845920,8049.69,-88.90,-93.51,35.4,35.8451
23:04:01.255 > 4328,61,95861593,95846312,8048.15,-88.62,-91.59,35.4,35.8451
23:04:01.308 > 4381,62,95861477,95846199,8061.86,-88.11,-91.12,35.4,35.8404
23:04:01.371 > 4434,63,95861366,95846081,8063.48,-88.28,-91.26,35.4,35.8545
23:04:01.414 > 4487,64,95861250,95845967,8063.33,-88.37,-91.25,35.4,35.8498
23:04:01.467 > 4540,65,95861661,95846372,8063.62,-88.11,-90.98,35.4,35.8638
23:04:01.520 > 4593,66,95861557,95846264,8048.89,-88.56,-91.46,35.4,35.8732
23:04:01.573 > 4646,67,95861445,95846152,8063.92,-89.34,-94.12,35.4,35.8732
23:04:01.626 > 4699,68,95861358,95846046,8045.73,-89.95,-96.37,35.4,35.9201
23:04:01.679 > 4752,69,95861237,95845958,8065.53,-90.37,-98.69,35.4,35.8404
23:04:01.732 > 4805,70,95861650,95846362,8063.62,-90.95,-99.35,35.4,35.8638
23:04:01.785 > 4858,71,95861534,95846262,8064.14,-91.06,-98.34,35.4,35.8263
23:04:01.838 > 4911,72,95861460,95846169,8062.38,-90.34,-96.35,35.4,35.8685
23:04:01.891 > 4964,73,95861350,95846060,8051.23,-91.20,-97.38,35.4,35.8685
23:04:01.944 > 5017,74,95861249,95845976,8050.21,-93.67,-97.44,35.4,35.8263
23:04:01.997 > 5070,75,95861658,95846376,8051.23,-88.47,-90.94,34.4,35.8498
23:04:02.050 > 5123,76,95861579,95846287,8050.06,-90.09,-94.05,34.4,35.8732
23:04:02.103 > 5176,77,95861477,95846195,8050.50,-91.67,-97.09,35.4,35.8498
23:04:02.156 > 5229,78,95861392,95846089,8051.16,-89.83,-92.37,34.4,35.8967
23:04:02.209 > 5282,79,95861293,95845997,8062.30,-89.07,-91.47,34.4,35.8826
23:04:02.262 > 5335,80,95861206,95845897,8063.62,-89.74,-92.71,35.4,35.9108
23:04:02.323 > 5388,81,95861629,95846324,8062.30,-89.91,-92.48,35.4,35.9014
23:04:02.368 > 5441,82,95861534,95846223,8050.87,-90.57,-93.25,35.4,35.9155
23:04:02.421 > 5494,83,95861430,95846128,8062.52,-90.23,-93.61,35.4,35.8967
23:04:02.474 > 5547,84,95861350,95846044,8052.19,-89.96,-92.88,34.4,35.9061
23:04:02.527 > 5600,85,95861253,95845948,8064.06,-89.92,-92.73,35.4,35.9014
23:04:02.580 > 5653,86,95861661,95846371,8063.26,-90.52,-93.70,34.4,35.8685
23:04:02.633 > 5706,87,95861586,95846285,8062.23,-90.95,-93.63,34.4,35.8920
23:04:02.686 > 5759,88,95861483,95846195,8049.47,-90.23,-92.16,35.4,35.8638
23:04:02.739 > 5812,89,95861389,95846101,8050.94,-89.26,-91.20,34.4,35.8638
23:04:02.792 > 5865,90,95861309,95846006,8048.15,-90.29,-91.90,34.4,35.8967
23:04:02.845 > 5918,91,95861210,95845920,8062.82,-90.91,-93.54,35.4,35.8685
23:04:02.898 > 5971,92,95861650,95846322,8050.06,-91.12,-93.82,35.4,35.9577
23:04:02.951 > 6024,93,95861548,95846246,8051.16,-91.42,-93.34,35.4,35.8967
23:04:03.004 > 6077,94,95861466,95846166,8050.50,-91.17,-92.93,35.4,35.8920
23:04:03.057 > 6130,95,95861374,95846078,8050.87,-90.32,-91.72,35.4,35.8826
23:04:03.110 > 6183,96,95861288,95845988,8050.87,-90.19,-92.80,35.4,35.8920
23:04:03.163 > 6236,97,95861705,95846398,8049.69,-89.58,-91.91,35.4,35.9061
23:04:03.216 > 6289,98,95861619,95846297,8051.38,-89.37,-92.25,34.4,35.9436
23:04:03.269 > 6342,99,95861532,95846229,8063.18,-90.76,-93.54,34.4,35.8967
23:04:03.322 > 6395,100,95861450,95846151,8050.21,-90.37,-92.61,34.4,35.8873
23:04:03.375 > 6448,101,95861360,95846050,8051.16,-89.74,-92.48,34.4,35.9155
23:04:03.428 > 6501,102,95861273,95845963,8046.83,-89.87,-93.49,34.4,35.9155
23:04:03.481 > 6554,103,95861697,95846400,8051.75,-89.66,-92.57,35.4,35.8826
23:04:03.534 > 6607,104,95861609,95846298,8050.57,-89.78,-92.70,34.4,35.9155
23:04:03.587 > 6660,105,95861527,95846227,8051.09,-89.11,-92.20,34.4,35.8920
23:04:03.640 > 6713,106,95861452,95846142,8049.77,-89.78,-92.23,35.4,35.9155
23:04:03.693 > 6766,107,95861350,95846042,8051.45,-90.14,-92.80,34.4,35.9108
23:04:03.746 > 6819,108,95861273,95845971,8050.35,-89.70,-92.52,35.4,35.8967
23:04:03.799 > 6872,109,95861680,95846382,8063.18,-90.01,-92.76,35.4,35.8873
23:04:03.852 > 6925,110,95861603,95846302,8052.19,-90.04,-92.57,34.4,35.8920
23:04:03.905 > 6978,111,95861516,95846229,8046.54,-90.14,-92.63,34.4,35.8592
23:04:03.958 > 7031,112,95861451,95846141,8044.93,-90.89,-93.12,35.4,35.9155
23:04:04.011 > 7084,113,95861340,95846046,8062.74,-90.89,-93.61,34.4,35.8779
23:04:04.064 > 7137,114,95861276,95845975,8048.45,-90.29,-92.85,35.4,35.8920
23:04:04.117 > 7190,115,95861700,95846373,8050.65,-91.28,-92.99,34.4,35.9530
23:04:04.170 > 7243,116,95861618,95846315,8050.65,-89.78,-92.60,35.4,35.8967
23:04:04.223 > 7296,117,95861539,95846223,8050.06,-84.12,-90.45,35.4,35.9295
23:04:04.276 > 7349,118,95861458,95846156,8062.16,-89.08,-92.26,35.4,35.8967
23:04:04.343 > 7402,119,95861366,95846069,8051.75,-89.37,-92.24,35.4,35.8826
23:04:04.382 > 7455,120,95861290,95845988,8064.50,-89.30,-92.13,35.4,35.8967
23:04:04.435 > 7508,121,95861213,95845903,8047.93,-89.30,-91.89,35.4,35.9155
23:04:04.488 > 7561,122,95861635,95846319,8049.47,-89.11,-91.59,35.4,35.9295
23:04:04.541 > 7614,123,95861544,95846257,8063.18,-89.26,-91.75,34.4,35.8592
23:04:04.594 > 7667,124,95861471,95846170,8051.82,-90.98,-93.16,34.4,35.8920
23:04:04.647 > 7720,125,95861390,95846076,8062.30,-89.91,-92.23,34.4,35.9248
23:04:04.700 > 7773,126,95861300,95846010,8046.69,-89.87,-92.40,35.4,35.8685
23:04:04.753 > 7826,127,95861219,95845907,8062.96,-91.52,-94.11,35.4,35.9201
23:04:04.806 > 7879,128,95861651,95846350,8052.11,-89.87,-92.79,34.4,35.8920
23:04:04.859 > 7932,129,95861573,95846268,8063.33,-89.74,-92.18,34.4,35.9014
23:04:04.912 > 7985,130,95861495,95846185,8065.46,-89.57,-91.65,34.4,35.9155
23:04:04.965 > 8038,131,95861402,95846113,8050.35,-89.41,-92.18,34.4,35.8638
23:04:05.018 > 8091,132,95861333,95846031,8051.82,-89.46,-92.66,35.4,35.8967
23:04:05.071 > 8144,133,95861251,95845929,8049.03,-89.26,-92.48,34.4,35.9436
23:04:05.124 > 8197,134,95861674,95846372,8052.04,-89.11,-92.38,35.4,35.8967
23:04:05.177 > 8250,135,95861592,95846282,8062.60,-89.78,-93.15,35.4,35.9155
23:04:05.230 > 8303,136,95861509,95846201,8050.28,-89.66,-92.56,35.4,35.9108
23:04:05.283 > 8356,137,95861427,95846135,8051.75,-89.26,-92.17,35.4,35.8732
23:04:05.351 > 8409,138,95861341,95846062,8049.33,-90.38,-93.81,35.4,35.8404
23:04:05.389 > 8462,139,95861269,95845972,8051.09,-89.62,-92.70,35.4,35.8826
23:04:05.442 > 8515,140,95861709,95846398,8051.67,-90.98,-93.99,35.4,35.9155
23:04:05.495 > 8568,141,95861608,95846319,8052.26,-90.14,-93.21,35.4,35.8638
23:04:05.548 > 8621,142,95861534,95846242,8063.04,-90.00,-93.25,35.4,35.8732
23:04:05.601 > 8674,143,95861456,95846156,8052.11,-89.57,-93.08,35.4,35.8920
23:04:05.654 > 8727,144,95861382,95846071,8062.38,-89.79,-92.67,35.4,35.9155
23:04:05.707 > 8780,145,95861282,95846001,8049.84,-89.79,-93.17,35.4,35.8451
23:04:05.760 > 8833,146,95861218,95845913,8062.23,-90.23,-93.75,35.4,35.9014
23:04:05.813 > 8886,147,95861638,95846343,8051.53,-89.70,-92.86,35.4,35.8779
23:04:05.866 > 8939,148,95861552,95846263,8050.72,-89.95,-93.29,34.4,35.8638
23:04:05.919 > 8992,149,95861479,95846176,8050.28,-89.70,-92.95,35.4,35.8967
23:04:05.972 > 9045,150,95861406,95846116,8044.63,-90.34,-93.30,35.4,35.8685
23:04:06.025 > 9098,151,95861320,95846008,8051.67,-89.87,-92.91,35.4,35.9201
23:04:06.078 > 9151,152,95861247,95845947,8051.01,-89.45,-92.24,35.4,35.8920
23:04:06.131 > 9204,153,95861669,95846378,8062.82,-89.70,-93.21,35.4,35.8685
23:04:06.184 > 9257,154,95861596,95846287,8049.11,-89.26,-92.60,34.4,35.9108
23:04:06.237 > 9310,155,95861524,95846218,8049.33,-89.82,-92.93,35.4,35.9061
23:04:06.290 > 9363,156,95861440,95846137,8050.72,-89.00,-92.31,34.4,35.8967
23:04:06.343 > 9416,157,95861340,95846065,8050.13,-89.07,-92.31,35.4,35.8310
23:04:06.396 > 9469,158,95861273,95845985,8061.79,-89.50,-92.78,35.4,35.8638
23:04:06.449 > 9522,159,95861211,95845900,8051.16,-89.22,-92.76,35.4,35.9155
23:04:06.502 > 9575,160,95861639,95846326,8048.67,-89.08,-92.10,35.4,35.9201
23:04:06.555 > 9628,161,95861548,95846249,8050.13,-89.70,-92.59,34.4,35.8873
23:04:06.608 > 9681,162,95861479,95846186,8064.28,-91.16,-93.00,35.4,35.8732
23:04:06.661 > 9734,163,95861406,95846109,8063.99,-90.24,-92.95,35.4,35.8826
23:04:06.714 > 9787,164,95861331,95846042,8061.72,-89.91,-93.06,35.4,35.8638
23:04:06.767 > 9840,165,95861250,95845945,8065.60,-91.21,-93.13,35.4,35.9014
23:04:06.820 > 9893,166,95861691,95846394,8050.65,-89.82,-92.65,35.4,35.8826
23:04:06.873 > 9946,167,95861619,95846321,8052.11,-90.46,-92.81,35.4,35.8873
23:04:06.926 > 9999,168,95861546,95846232,8062.16,-89.70,-92.67,35.4,35.9248
23:04:06.979 > 10052,169,95861466,95846158,8051.75,-89.54,-92.48,35.4,35.9108
23:04:07.031 > 10105,170,95861391,95846088,8061.86,-90.14,-92.47,35.4,35.8967
23:04:07.085 > 10158,171,95861324,95846009,8051.01,-90.04,-92.31,35.4,35.9248
23:04:07.138 > 10211,172,95861247,95845946,8048.89,-90.01,-92.25,34.4,35.8920
23:04:07.191 > 10264,173,95861672,95846369,8048.08,-90.73,-93.61,35.4,35.8967
23:04:07.244 > 10317,174,95861591,95846297,8048.52,-89.87,-92.86,35.4,35.8779
23:04:07.297 > 10370,175,95861515,95846231,8051.38,-90.28,-93.39,35.4,35.8545
23:04:07.352 > 10423,176,95861449,95846159,8049.91,-89.53,-92.31,35.4,35.8685
23:04:07.403 > 10476,177,95861382,95846064,8046.69,-89.78,-92.67,35.4,35.9342
23:04:07.456 > 10529,178,95861298,95845997,8049.99,-90.24,-92.93,35.4,35.8920
23:04:07.509 > 10582,179,95861210,95845912,8051.67,-89.70,-92.99,35.4,35.8873
23:04:07.562 > 10635,180,95861655,95846357,8051.45,-89.79,-93.11,35.4,35.8873
23:04:07.615 > 10688,181,95861585,95846284,8063.62,-89.78,-93.08,34.4,35.8920
23:04:07.668 > 10741,182,95861495,95846206,8063.48,-90.52,-93.37,35.4,35.8638
23:04:07.721 > 10794,183,95861416,95846133,8050.87,-89.82,-92.95,35.4,35.8498
23:04:07.774 > 10847,184,95861358,95846053,8047.49,-89.87,-92.68,35.4,35.9014
23:04:07.827 > 10900,185,95861284,95845982,8050.94,-90.29,-93.64,35.4,35.8967
23:04:07.880 > 10953,186,95861214,95845911,8048.89,-90.37,-93.99,35.4,35.8967
23:04:07.933 > 11006,187,95861657,95846363,8050.43,-90.37,-93.10,35.4,35.8779
23:04:07.986 > 11059,188,95861558,95846285,8044.78,-90.28,-93.23,35.4,35.8263
23:04:08.039 > 11112,189,95861508,95846193,8052.11,-90.23,-92.86,35.4,35.9248
23:04:08.092 > 11165,190,95861443,95846124,8051.67,-90.48,-93.48,35.4,35.9342
23:04:08.145 > 11218,191,95861361,95846060,8046.39,-90.84,-93.69,35.4,35.8920
23:04:08.198 > 11271,192,95861286,95845993,8065.16,-90.48,-93.43,35.4,35.8732
23:04:08.251 > 11324,193,95861204,95845926,8061.79,-92.12,-94.33,35.4,35.8404
23:04:08.304 > 11377,194,95861665,95846365,8048.59,-91.40,-93.13,35.4,35.8920
23:04:08.357 > 11430,195,95861588,95846288,8061.86,-89.85,-91.19,35.4,35.8920
23:04:08.409 > 11483,196,95861538,95846217,8050.28,-89.82,-92.26,35.4,35.9389
23:04:08.463 > 11536,197,95861444,95846140,8047.86,-89.82,-91.59,35.4,35.9014
23:04:08.516 > 11589,198,95861393,95846071,8048.89,-89.49,-91.11,34.4,35.9436
23:04:08.569 > 11642,199,95861314,95846004,8050.43,-89.70,-91.45,35.4,35.9155
23:04:08.622 > 11695,200,95861250,95845937,8047.71,-90.31,-91.16,35.4,35.9201
23:04:08.675 > 11748,201,95861671,95846372,8050.50,-89.58,-91.67,35.4,35.8873
23:04:08.728 > 11801,202,95861614,95846304,8062.60,-89.66,-91.76,34.4,35.9155
23:04:08.781 > 11854,203,95861539,95846248,8048.67,-89.66,-91.57,35.4,35.8685
23:04:08.834 > 11907,204,95861476,95846177,8046.76,-89.11,-90.74,35.4,35.8873
23:04:08.887 > 11960,205,95861404,95846105,8049.62,-90.57,-92.65,35.4,35.8873
23:04:08.940 > 12013,206,95861343,95846049,8064.94,-91.79,-94.65,34.4,35.8779
23:04:08.993 > 12066,207,95861276,95845977,8048.96,-88.31,-90.42,35.4,35.8873
23:04:09.046 > 12119,208,95861208,95845907,8051.97,-88.50,-90.14,35.4,35.8920
23:04:09.099 > 12172,209,95861656,95846352,8050.50,-89.04,-90.95,34.4,35.9014
23:04:09.152 > 12225,210,95861592,95846290,8062.16,-89.08,-91.32,35.4,35.8967
23:04:09.205 > 12278,211,95861521,95846219,8049.77,-90.00,-92.52,35.4,35.8967
23:04:09.258 > 12331,212,95861467,95846154,8048.81,-89.34,-92.34,35.4,35.9201
23:04:09.311 > 12384,213,95861391,95846083,8063.18,-88.25,-90.64,35.4,35.9108
23:04:09.372 > 12437,214,95861321,95846024,8044.63,-92.91,-94.09,34.4,35.8826
23:04:09.416 > 12490,215,95861247,95845964,8048.45,-91.29,-95.35,35.4,35.8498
23:04:09.470 > 12543,216,95861185,95845893,8050.43,-90.04,-93.51,35.4,35.8732
23:04:09.523 > 12596,217,95861620,95846330,8061.79,-90.23,-93.05,35.4,35.8685
23:04:09.576 > 12649,218,95861557,95846274,8064.06,-90.80,-93.56,35.4,35.8498
23:04:09.629 > 12702,219,95861483,95846194,8049.03,-91.26,-94.41,35.4,35.8638
23:04:09.681 > 12755,220,95861412,95846134,8050.87,-92.01,-95.35,34.4,35.8404
23:04:09.735 > 12808,221,95861355,95846070,8048.30,-91.54,-93.17,35.4,35.8545
23:04:09.788 > 12861,222,95861285,95845993,8063.18,-90.04,-91.51,35.4,35.8732
23:04:09.841 > 12914,223,95861221,95845935,8050.65,-90.59,-92.01,35.4,35.8592
23:04:09.894 > 12967,224,95861670,95846382,8049.84,-91.79,-92.89,35.4,35.8638
23:04:09.947 > 13020,225,95861595,95846323,8048.74,-92.27,-94.79,35.4,35.8263
23:04:10.000 > 13073,226,95861538,95846237,8062.45,-91.06,-92.52,35.4,35.8920
23:04:10.053 > 13126,227,95861470,95846186,8048.74,-92.91,-94.03,35.4,35.8545
23:04:10.106 > 13179,228,95861412,95846115,8063.92,-89.19,-91.99,35.4,35.8826
23:04:10.159 > 13232,229,95861333,95846042,8064.14,-91.42,-93.70,35.4,35.8685
23:04:10.211 > 13285,230,95861278,95845986,8050.13,-92.20,-94.70,35.4,35.8732
23:04:10.264 > 13338,231,95861211,95845916,8063.62,-92.69,-94.02,34.4,35.8779
23:04:10.322 > 13391,232,95861658,95846356,8048.52,-90.32,-92.75,35.4,35.8967
23:04:10.371 > 13444,233,95861590,95846305,8048.37,-88.86,-90.70,35.4,35.8545
23:04:10.424 > 13497,234,95861539,95846244,8049.77,-89.30,-91.14,35.4,35.8779
23:04:10.477 > 13550,235,95861467,95846170,8062.60,-90.28,-92.46,35.4,35.8826
23:04:10.530 > 13603,236,95861408,95846115,8046.61,-90.64,-92.95,35.4,35.8732
23:04:10.583 > 13656,237,95861349,95846054,8051.16,-91.26,-94.46,35.4,35.8779
23:04:10.636 > 13709,238,95861281,95845992,8047.57,-91.29,-93.63,35.4,35.8638
23:04:10.688 > 13762,239,95861228,95845926,8052.04,-91.35,-93.66,35.4,35.8967
23:04:10.742 > 13815,240,95861676,95846391,8048.37,-90.73,-93.14,35.4,35.8545
23:04:10.795 > 13868,241,95861610,95846332,8050.57,-92.31,-95.17,35.4,35.8404
23:04:10.848 > 13921,242,95861563,95846276,8052.11,-90.91,-93.06,35.4,35.8592
23:04:10.901 > 13974,243,95861513,95846215,8061.94,-88.59,-92.31,35.4,35.8873
23:04:10.954 > 14027,244,95861444,95846145,8046.54,-90.23,-93.38,35.4,35.8873
23:04:11.007 > 14080,245,95861377,95846096,8051.67,-91.23,-93.92,35.4,35.8451
23:04:11.060 > 14133,246,95861323,95846031,8048.67,-90.57,-93.38,35.4,35.8732
23:04:11.113 > 14186,247,95861269,95845982,8062.38,-89.37,-93.65,34.4,35.8592
23:04:11.166 > 14239,248,95861227,95845927,8051.09,-91.79,-94.85,35.4,35.8920
23:04:11.219 > 14292,249,95861665,95846375,8046.83,-90.82,-94.68,35.4,35.8685
23:04:11.272 > 14345,250,95861626,95846305,8043.97,-87.88,-91.49,35.4,35.9389
23:04:11.325 > 14398,251,95861560,95846250,8061.86,-89.91,-92.97,34.4,35.9155
23:04:11.377 > 14451,252,95861500,95846197,8050.13,-89.61,-93.09,34.4,35.8967
23:04:11.431 > 14504,253,95861437,95846146,8048.74,-89.78,-94.13,35.4,35.8685
23:04:11.484 > 14557,254,95861403,95846102,8052.11,-89.70,-93.21,35.4,35.8920
23:04:11.536 > 14610,255,95861325,95846047,8049.25,-90.14,-94.10,35.4,35.8404
23:04:11.590 > 14663,256,95861277,95845985,8046.54,-89.15,-92.78,35.4,35.8732
23:04:11.643 > 14716,257,95861227,95845931,8062.52,-89.45,-93.43,34.4,35.8826
23:04:11.695 > 14769,258,95861683,95846394,8052.04,-89.70,-94.33,35.4,35.8638
23:04:11.749 > 14822,259,95861625,95846341,8046.39,-89.87,-93.82,35.4,35.8545
23:04:11.802 > 14875,260,95861570,95846281,8049.62,-90.66,-93.82,35.4,35.8638
23:04:11.855 > 14928,261,95861514,95846217,8062.45,-89.30,-93.13,35.4,35.8826
23:04:11.907 > 14981,262,95861467,95846163,8049.84,-89.95,-94.33,34.4,35.9014
23:04:11.961 > 15034,263,95861409,95846114,8047.64,-90.14,-94.04,34.4,35.8779
23:04:12.013 > 15087,264,95861358,95846052,8048.81,-89.79,-93.74,34.4,35.9061
23:04:12.066 > 15140,265,95861293,95846004,8050.50,-85.35,-91.73,34.4,35.8638
23:04:12.120 > 15193,266,95861235,95845943,8049.33,-89.91,-93.73,35.4,35.8732
23:04:12.173 > 15246,267,95861190,95845894,8049.40,-89.87,-93.78,35.4,35.8826
23:04:12.225 > 15299,268,95861648,95846361,8048.52,-90.32,-93.90,35.4,35.8592
23:04:12.279 > 15352,269,95861586,95846285,8044.85,-89.74,-94.15,34.4,35.8920
23:04:12.341 > 15405,270,95861531,95846237,8051.60,-89.38,-93.54,34.4,35.8779
23:04:12.384 > 15458,271,95861464,95846173,8064.65,-90.01,-93.85,35.4,35.8685
23:04:12.438 > 15511,272,95861405,95846122,8049.91,-90.14,-93.65,35.4,35.8498
23:04:12.491 > 15564,273,95861353,95846058,8061.72,-91.09,-93.57,35.4,35.8779
23:04:12.544 > 15617,274,95861292,95846016,8064.21,-89.87,-93.27,35.4,35.8357
23:04:12.597 > 15670,275,95861229,95845949,8045.66,-90.42,-94.71,35.4,35.8451
23:04:12.650 > 15723,276,95861189,95845892,8049.33,-90.19,-94.56,35.4,35.8826
23:04:12.702 > 15776,277,95861628,95846343,8045.51,-90.59,-94.14,35.4,35.8545
23:04:12.756 > 15829,278,95861576,95846289,8062.30,-90.37,-93.89,34.4,35.8592
23:04:12.809 > 15882,279,95861511,95846225,8062.23,-90.04,-93.47,34.4,35.8592
23:04:12.862 > 15935,280,95861460,95846167,8062.30,-90.28,-94.00,34.4,35.8732
23:04:12.915 > 15988,281,95861399,95846104,8066.34,-90.52,-94.83,34.4,35.8779
23:04:12.968 > 16041,282,95861340,95846049,8051.16,-90.43,-94.79,35.4,35.8685
23:04:13.021 > 16094,283,95861280,95845986,8049.99,-88.27,-92.14,34.4,35.8779
23:04:13.073 > 16147,284,95861220,95845930,8046.17,-90.47,-94.05,35.4,35.8685
23:04:13.127 > 16200,285,95861675,95846393,8051.09,-89.61,-93.38,34.4,35.8498
23:04:13.180 > 16253,286,95861624,95846318,8047.42,-90.87,-94.85,34.4,35.9061
23:04:13.232 > 16306,287,95861571,95846272,8052.11,-90.14,-93.79,35.4,35.8873
23:04:13.286 > 16359,288,95861509,95846214,8049.99,-96.22,-95.65,34.4,35.8779
23:04:13.350 > 16412,289,95861441,95846151,8051.38,-90.48,-94.15,35.4,35.8685
23:04:13.391 > 16465,290,95861386,95846096,8051.38,-89.78,-94.17,35.4,35.8685
23:04:13.445 > 16518,291,95861334,95846045,8049.77,-89.37,-94.18,35.4,35.8638
23:04:13.498 > 16571,292,95861273,95845974,8048.81,-89.95,-93.77,35.4,35.8873
23:04:13.551 > 16624,293,95861215,95845931,8062.89,-89.74,-94.96,35.4,35.8545
23:04:13.604 > 16677,294,95861676,95846398,8049.55,-90.19,-94.86,34.4,35.8404
23:04:13.657 > 16730,295,95861614,95846328,8051.75,-89.96,-94.25,34.4,35.8592
23:04:13.709 > 16783,296,95861557,95846270,8045.66,-89.34,-93.46,34.4,35.8592
23:04:13.762 > 16836,297,95861498,95846215,8046.98,-89.82,-93.86,34.4,35.8498
23:04:13.815 > 16889,298,95861458,95846161,8051.23,-89.45,-94.05,35.4,35.8826
23:04:13.869 > 16942,299,95861397,95846091,8063.48,-89.61,-94.10,34.4,35.9061
23:04:13.921 > 16995,300,95861339,95846041,8048.81,-89.79,-94.04,34.4,35.8873
23:04:13.975 > 17048,301,95861275,95845982,8045.15,-90.93,-94.26,34.4,35.8732
23:04:14.028 > 17101,302,95861221,95845933,8061.79,-89.82,-93.91,35.4,35.8638
23:04:14.081 > 17154,303,95861670,95846390,8062.38,-90.18,-94.39,35.4,35.8451
23:04:14.134 > 17207,304,95861614,95846329,8048.52,-90.37,-95.23,34.4,35.8545
23:04:14.187 > 17260,305,95861566,95846275,8049.47,-90.14,-93.78,34.4,35.8685
23:04:14.240 > 17313,306,95861520,95846217,8047.42,-90.48,-94.68,35.4,35.8967
23:04:14.293 > 17366,307,95861442,95846150,8050.21,-95.25,-95.63,34.4,35.8732
23:04:14.348 > 17419,308,95861401,95846105,8051.16,-90.28,-94.45,35.4,35.8826
23:04:14.399 > 17472,309,95861337,95846051,8048.52,-90.14,-94.91,34.4,35.8592
23:04:14.452 > 17525,310,95861281,95845994,8051.23,-89.95,-94.05,34.4,35.8592
23:04:14.504 > 17578,311,95861226,95845941,8047.35,-89.78,-93.75,34.4,35.8545
23:04:14.558 > 17631,312,95861180,95845901,8050.06,-89.62,-93.66,34.4,35.8404
23:04:14.611 > 17684,313,95861631,95846342,8063.99,-90.14,-93.92,35.4,35.8638
23:04:14.664 > 17737,314,95861593,95846293,8046.47,-91.16,-94.45,35.4,35.8920
23:04:14.716 > 17790,315,95861525,95846238,8046.83,-90.23,-94.99,35.4,35.8592
23:04:14.770 > 17843,316,95861478,95846179,8048.96,-89.74,-93.93,34.4,35.8873
23:04:14.823 > 17896,317,95861415,95846125,8045.73,-89.87,-94.00,34.4,35.8685
23:04:14.875 > 17949,318,95861378,95846088,8048.45,-89.96,-93.88,34.4,35.8685
23:04:14.929 > 18002,319,95861324,95846020,8050.28,-89.26,-93.24,34.4,35.9014
23:04:14.982 > 18055,320,95861273,95845982,8049.84,-90.37,-95.28,34.4,35.8685
23:04:15.034 > 18108,321,95861214,95845933,8050.72,-90.14,-93.76,34.4,35.8451
23:04:15.088 > 18161,322,95861670,95846380,8051.09,-89.34,-93.56,34.4,35.8685
23:04:15.141 > 18214,323,95861625,95846332,8049.33,-90.04,-93.51,34.4,35.8732
23:04:15.193 > 18267,324,95861586,95846291,8048.52,-89.83,-93.51,35.4,35.8779
23:04:15.247 > 18320,325,95861529,95846233,8050.94,-91.40,-94.35,34.4,35.8826
23:04:15.300 > 18373,326,95861477,95846188,8049.03,-89.95,-93.49,34.4,35.8638
23:04:15.367 > 18426,327,95861429,95846133,8063.77,-85.96,-91.23,34.4,35.8826
23:04:15.405 > 18479,328,95861375,95846074,8047.71,-90.62,-94.30,34.4,35.8920
23:04:15.459 > 18532,329,95861311,95846016,8048.15,-90.28,-93.76,34.4,35.8779
23:04:15.512 > 18585,330,95861271,95845974,8064.14,-90.05,-93.97,34.4,35.8826
23:04:15.565 > 18638,331,95861216,95845915,8050.57,-89.83,-93.95,35.4,35.8920
23:04:15.617 > 18691,332,95861678,95846396,8051.53,-93.88,-94.28,35.4,35.8498
23:04:15.671 > 18744,333,95861625,95846329,8051.09,-90.78,-94.75,35.4,35.8826
23:04:15.723 > 18797,334,95861582,95846295,8049.77,-89.78,-93.90,34.4,35.8592
23:04:15.777 > 18850,335,95861536,95846236,8050.65,-90.04,-94.57,34.4,35.8920
23:04:15.830 > 18903,336,95861485,95846193,8049.18,-89.74,-93.63,35.4,35.8732
23:04:15.883 > 18956,337,95861430,95846147,8049.77,-91.52,-94.76,35.4,35.8498
23:04:15.936 > 19009,338,95861393,95846099,8062.52,-91.21,-95.87,34.4,35.8779
23:04:15.989 > 19062,339,95861336,95846048,8051.67,-89.87,-94.16,35.4,35.8638
23:04:16.041 > 19115,340,95861287,95845995,8052.11,-89.95,-93.93,35.4,35.8732
23:04:16.094 > 19168,341,95861247,95845959,8047.42,-90.80,-94.87,35.4,35.8638
23:04:16.147 > 19221,342,95861197,95845911,8046.03,-90.71,-94.47,35.4,35.8592
23:04:16.200 > 19274,343,95861644,95846366,8048.96,-90.85,-94.75,34.4,35.8404
23:04:16.253 > 19327,344,95861614,95846320,8049.40,-90.42,-95.23,34.4,35.8779
23:04:16.320 > 19380,345,95861569,95846275,8051.60,-89.66,-93.90,35.4,35.8779
23:04:16.359 > 19433,346,95861515,95846228,8047.57,-90.23,-93.81,35.4,35.8592
23:04:16.413 > 19486,347,95861471,95846172,8050.21,-90.04,-94.02,35.4,35.8873
23:04:16.465 > 19539,348,95861419,95846122,8051.82,-92.07,-94.37,34.4,35.8826
23:04:16.519 > 19592,349,95861371,95846078,8050.57,-90.01,-93.55,35.4,35.8732
23:04:16.571 > 19645,350,95861319,95846029,8050.79,-90.52,-94.52,35.4,35.8685
23:04:16.625 > 19698,351,95861260,95845981,8049.03,-90.68,-95.33,35.4,35.8404
23:04:16.678 > 19751,352,95861227,95845935,8050.13,-90.89,-94.83,35.4,35.8732
23:04:16.730 > 19804,353,95861185,95845896,8063.04,-86.37,-91.65,35.4,35.8638
23:04:16.783 > 19857,354,95861652,95846367,8047.71,-89.92,-94.35,35.4,35.8545
23:04:16.837 > 19910,355,95861591,95846307,8048.08,-90.48,-95.22,35.4,35.8545
23:04:16.890 > 19963,356,95861556,95846266,8049.62,-90.37,-94.39,35.4,35.8685
23:04:16.943 > 20016,357,95861525,95846214,8047.79,-90.42,-94.39,34.4,35.9155
23:04:16.995 > 20069,358,95861466,95846192,8048.52,-89.61,-94.01,35.4,35.8310
23:04:17.048 > 20122,359,95861430,95846136,8048.01,-90.48,-95.00,34.4,35.8779
23:04:17.102 > 20175,360,95861373,95846092,8048.30,-91.16,-94.46,35.4,35.8451
23:04:17.155 > 20228,361,95861331,95846048,8049.55,-90.48,-94.19,35.4,35.8498
23:04:17.207 > 20281,362,95861289,95845989,8048.59,-89.91,-93.94,35.4,35.8920
23:04:17.260 > 20334,363,95861235,95845938,8046.32,-90.18,-94.24,35.4,35.8826
23:04:17.313 > 20387,364,95861195,95845913,8052.11,-90.28,-94.15,35.4,35.8498
23:04:17.380 > 20440,365,95861663,95846375,8047.93,-90.18,-94.15,35.4,35.8638
23:04:17.419 > 20493,366,95861627,95846347,8048.74,-90.15,-94.11,34.4,35.8451
23:04:17.473 > 20546,367,95861574,95846296,8045.88,-90.01,-94.14,35.4,35.8404
23:04:17.525 > 20599,368,95861534,95846241,8061.72,-90.14,-94.34,34.4,35.8732
23:04:17.578 > 20652,369,95861493,95846199,8062.38,-91.23,-95.28,35.4,35.8779
23:04:17.631 > 20705,370,95861453,95846159,8044.93,-90.23,-94.00,35.4,35.8779
23:04:17.684 > 20758,371,95861408,95846121,8050.65,-85.48,-92.44,34.4,35.8592
23:04:17.737 > 20811,372,95861359,95846081,8046.83,-90.10,-94.29,35.4,35.8404
23:04:17.791 > 20864,373,95861328,95846026,8047.79,-90.93,-93.98,35.4,35.8967
23:04:17.844 > 20917,374,95861281,95845984,8050.65,-90.84,-95.05,34.4,35.8826
23:04:17.896 > 20970,375,95861231,95845951,8061.72,-89.57,-94.15,34.4,35.8451
23:04:17.949 > 21023,376,95861202,95845905,8049.18,-89.37,-94.19,35.4,35.8826
23:04:18.004 > 21076,377,95861656,95846366,8051.16,-89.91,-95.00,34.4,35.8685
23:04:18.055 > 21129,378,95861616,95846338,8047.93,-89.30,-93.81,35.4,35.8404
23:04:18.108 > 21182,379,95861566,95846276,8051.97,-90.38,-94.94,34.4,35.8685
23:04:18.161 > 21235,380,95861532,95846234,8050.35,-89.37,-93.87,34.4,35.8873
23:04:18.214 > 21288,381,95861487,95846218,8048.81,-89.08,-93.12,34.4,35.8169
23:04:18.267 > 21341,382,95861461,95846159,8051.16,-89.22,-94.03,35.4,35.8967
23:04:18.323 > 21394,383,95861405,95846116,8049.40,-89.22,-93.73,35.4,35.8638
23:04:18.373 > 21447,384,95861373,95846081,8052.04,-89.66,-93.49,35.4,35.8732
23:04:18.426 > 21500,385,95861330,95846033,8050.21,-90.19,-94.67,34.4,35.8826
23:04:18.479 > 21553,386,95861279,95845995,8063.26,-89.22,-93.55,35.4,35.8545
23:04:18.532 > 21606,387,95861239,95845965,8062.23,-89.82,-93.62,34.4,35.8310
23:04:18.585 > 21659,388,95861205,95845919,8050.87,-90.10,-94.63,35.4,35.8592
23:04:18.638 > 21712,389,95861674,95846375,8046.32,-89.70,-93.54,35.4,35.8873
23:04:18.691 > 21765,390,95861645,95846354,8050.28,-89.82,-93.69,34.4,35.8685
23:04:18.744 > 21818,391,95861590,95846312,8050.50,-89.45,-93.87,35.4,35.8404
23:04:18.797 > 21871,392,95861558,95846273,8047.86,-89.19,-93.40,35.4,35.8545
23:04:18.850 > 21924,393,95861527,95846226,8061.72,-88.97,-93.85,35.4,35.8920
23:04:18.904 > 21977,394,95861494,95846194,8050.79,-89.00,-93.50,35.4,35.8920
23:04:18.957 > 22030,395,95861445,95846150,8049.84,-89.58,-93.56,35.4,35.8779
23:04:19.009 > 22083,396,95861408,95846111,8062.01,-84.41,-91.23,35.4,35.8826
23:04:19.062 > 22136,397,95861370,95846071,8046.69,-89.15,-93.38,34.4,35.8873
23:04:19.116 > 22189,398,95861323,95846044,8048.01,-89.45,-94.09,35.4,35.8404
23:04:19.168 > 22242,399,95861284,95845997,8046.61,-89.08,-93.59,35.4,35.8592
23:04:19.221 > 22295,400,95861262,95845968,8048.15,-89.58,-93.57,35.4,35.8779
23:04:19.274 > 22348,401,95861220,95845922,8050.57,-90.14,-94.13,35.4,35.8873
23:04:19.327 > 22401,402,95861181,95845894,8045.00,-89.61,-93.51,35.4,35.8592
23:04:19.380 > 22454,403,95861646,95846365,8051.01,-89.61,-93.87,35.4,35.8451
23:04:19.433 > 22507,404,95861620,95846326,8063.18,-89.41,-93.47,35.4,35.8779
23:04:19.486 > 22560,405,95861590,95846294,8048.23,-89.22,-93.71,35.4,35.8826
23:04:19.539 > 22613,406,95861545,95846258,8045.44,-90.82,-93.72,35.4,35.8592
23:04:19.592 > 22666,407,95861513,95846224,8048.15,-89.58,-93.48,35.4,35.8638
23:04:19.645 > 22719,408,95861473,95846178,8051.89,-87.06,-92.06,35.4,35.8779
23:04:19.698 > 22772,409,95861432,95846164,8049.18,-89.82,-93.55,35.4,35.8169
23:04:19.751 > 22825,410,95861401,95846114,8063.99,-90.04,-94.75,35.4,35.8592
23:04:19.804 > 22878,411,95861353,95846078,8063.40,-90.23,-94.86,35.4,35.8310
23:04:19.857 > 22931,412,95861329,95846044,8050.57,-90.05,-94.02,35.4,35.8545
23:04:19.910 > 22984,413,95861275,95845993,8052.04,-90.54,-94.27,34.4,35.8498
23:04:19.963 > 23037,414,95861245,95845957,8049.99,-90.14,-94.14,34.4,35.8638
23:04:20.016 > 23090,415,95861228,95845920,8051.60,-90.78,-95.56,34.4,35.9108
23:04:20.069 > 23143,416,95861690,95846400,8045.95,-89.91,-93.65,35.4,35.8685
23:04:20.122 > 23196,417,95861656,95846372,8045.73,-90.24,-93.86,34.4,35.8545
23:04:20.175 > 23249,418,95861620,95846339,8066.56,-89.96,-93.68,35.4,35.8451
23:04:20.228 > 23302,419,95861590,95846292,8050.13,-90.64,-94.58,34.4,35.8873
23:04:20.281 > 23355,420,95861548,95846251,8048.52,-89.82,-93.42,35.4,35.8826
23:04:20.346 > 23408,421,95861517,95846232,8062.38,-90.04,-94.06,34.4,35.8545
23:04:20.387 > 23461,422,95861474,95846183,8048.01,-89.78,-93.76,35.4,35.8685
23:04:20.440 > 23514,423,95861444,95846150,8050.79,-91.84,-95.37,35.4,35.8779
23:04:20.493 > 23567,424,95861415,95846130,8051.89,-89.83,-93.86,35.4,35.8545
23:04:20.546 > 23620,425,95861377,95846090,8049.25,-90.10,-94.43,34.4,35.8592
23:04:20.599 > 23673,426,95861346,95846054,8050.57,-90.23,-93.91,35.4,35.8732
23:04:20.652 > 23726,427,95861318,95846026,8052.26,-90.68,-94.20,35.4,35.8732
23:04:20.705 > 23779,428,95861272,95845993,8048.74,-90.42,-94.74,34.4,35.8404
23:04:20.758 > 23832,429,95861247,95845963,8061.79,-90.04,-93.82,34.4,35.8545
23:04:20.811 > 23885,430,95861219,95845934,8048.96,-89.74,-94.33,35.4,35.8545
23:04:20.864 > 23938,431,95861178,95845892,8047.79,-90.01,-94.02,35.4,35.8592
23:04:20.917 > 23991,432,95861669,95846372,8050.94,-90.18,-94.40,34.4,35.8826
23:04:20.970 > 24044,433,95861632,95846346,8046.83,-89.49,-93.31,35.4,35.8592
23:04:21.023 > 24097,434,95861610,95846315,8049.62,-96.31,-95.04,35.4,35.8779
23:04:21.076 > 24150,435,95861562,95846259,8048.59,-89.74,-93.23,35.4,35.8967
23:04:21.129 > 24203,436,95861539,95846258,8045.95,-89.62,-93.74,35.4,35.8451
23:04:21.182 > 24256,437,95861507,95846206,8048.30,-91.16,-93.76,34.4,35.8920
23:04:21.235 > 24309,438,95861472,95846178,8047.20,-90.47,-94.01,35.4,35.8779
23:04:21.288 > 24362,439,95861432,95846158,8047.86,-90.62,-94.62,35.4,35.8310
23:04:21.348 > 24415,440,95861407,95846121,8049.62,-89.91,-93.96,34.4,35.8592
23:04:21.394 > 24468,441,95861373,95846091,8045.51,-90.62,-94.45,34.4,35.8498
23:04:21.447 > 24521,442,95861344,95846055,8048.37,-90.54,-94.17,34.4,35.8638
23:04:21.500 > 24574,443,95861313,95846017,8062.16,-90.29,-94.45,34.4,35.8826
23:04:21.553 > 24627,444,95861277,95845993,8049.40,-90.98,-94.29,35.4,35.8545
23:04:21.606 > 24680,445,95861258,95845953,8051.38,-90.14,-93.72,35.4,35.9014
23:04:21.659 > 24733,446,95861225,95845933,8048.81,-91.98,-95.07,35.4,35.8732
23:04:21.712 > 24786,447,95861196,95845902,8051.01,-90.09,-93.94,35.4,35.8779
23:04:21.765 > 24839,448,95861674,95846389,8044.56,-89.96,-94.04,35.4,35.8545
23:04:21.818 > 24892,449,95861635,95846355,8049.03,-90.59,-94.44,35.4,35.8451
23:04:21.871 > 24945,450,95861614,95846323,8050.43,-90.18,-93.92,35.4,35.8685
23:04:21.924 > 24998,451,95861585,95846289,8050.43,-90.28,-94.22,35.4,35.8826
23:04:21.977 > 25051,452,95861545,95846260,8045.95,-90.09,-94.10,35.4,35.8545
23:04:22.030 > 25104,453,95861516,95846221,8051.67,-90.00,-93.67,35.4,35.8779
23:04:22.083 > 25157,454,95861487,95846201,8050.35,-89.70,-93.98,35.4,35.8592
23:04:22.136 > 25210,455,95861450,95846171,8062.08,-90.01,-93.79,35.4,35.8404
23:04:22.189 > 25263,456,95861431,95846129,8047.57,-90.09,-93.98,35.4,35.8967
23:04:22.242 > 25316,457,95861399,95846111,8048.52,-89.82,-94.09,34.4,35.8638
23:04:22.295 > 25369,458,95861379,95846085,8048.74,-90.38,-93.76,35.4,35.8779
23:04:22.348 > 25422,459,95861342,95846048,8051.23,-91.09,-94.44,34.4,35.8779
23:04:22.401 > 25475,460,95861306,95846027,8050.57,-90.14,-94.33,35.4,35.8404
23:04:22.454 > 25528,461,95861290,95845986,8051.53,-90.42,-94.30,35.4,35.9014
23:04:22.507 > 25581,462,95861263,95845973,8048.45,-90.57,-94.36,35.4,35.8685
23:04:22.560 > 25634,463,95861222,95845933,8049.47,-90.00,-93.86,35.4,35.8638
23:04:22.613 > 25687,464,95861215,95845913,8051.01,-91.28,-94.58,35.4,35.8967
23:04:22.666 > 25740,465,95861167,95845891,8049.91,-90.43,-94.86,35.4,35.8357
23:04:22.719 > 25793,466,95861666,95846371,8064.06,-90.32,-95.17,34.4,35.8779
23:04:22.772 > 25846,467,95861636,95846357,8045.66,-89.74,-94.41,34.4,35.8404
23:04:22.825 > 25899,468,95861602,95846328,8050.28,-89.66,-93.91,35.4,35.8310
23:04:22.878 > 25952,469,95861590,95846303,8049.11,-89.66,-94.39,35.4,35.8592
23:04:22.931 > 26005,470,95861582,95846273,8048.96,-90.71,-93.95,35.4,35.9108
23:04:22.984 > 26058,471,95861530,95846253,8050.21,-91.28,-95.32,35.4,35.8357
23:04:23.037 > 26111,472,95861530,95846233,8049.40,-90.00,-94.86,35.4,35.8826
23:04:23.090 > 26164,473,95861487,95846198,8062.08,-89.74,-94.28,34.4,35.8638
23:04:23.143 > 26217,474,95861471,95846188,8048.15,-89.74,-94.04,35.4,35.8498
23:04:23.196 > 26270,475,95861451,95846158,8051.38,-89.95,-94.54,35.4,35.8732
23:04:23.249 > 26323,476,95861422,95846149,8051.53,-90.82,-94.64,35.4,35.8263
23:04:23.302 > 26376,477,95861403,95846111,8048.59,-89.26,-93.80,34.4,35.8732
23:04:23.371 > 26429,478,95861383,95846102,8052.04,-89.26,-93.29,35.4,35.8451
23:04:23.408 > 26482,479,95861354,95846064,8048.74,-89.41,-93.54,34.4,35.8685
23:04:23.461 > 26535,480,95861336,95846045,8045.37,-89.53,-94.04,35.4,35.8685
23:04:23.514 > 26588,481,95861317,95846060,8044.78,-89.41,-93.42,35.4,35.7888
23:04:23.567 > 26641,482,95861291,95846001,8047.93,-90.05,-94.47,35.4,35.8685
23:04:23.620 > 26694,483,95861273,95845978,8048.74,-89.92,-93.97,35.4,35.8779
23:04:23.673 > 26747,484,95861260,95845963,8046.47,-89.49,-93.31,35.4,35.8826
23:04:23.726 > 26800,485,95861225,95845951,8050.57,-89.61,-93.43,35.4,35.8310
23:04:23.779 > 26853,486,95861223,95845925,8051.89,-90.24,-94.36,35.4,35.8873
23:04:23.832 > 26906,487,95861192,95845896,8048.89,-89.66,-93.44,35.4,35.8826
23:04:23.885 > 26959,488,95861683,95846379,8046.91,-91.33,-94.54,35.4,35.9014
23:04:23.938 > 27012,489,95861661,95846374,8048.89,-90.26,-94.04,35.4,35.8592
23:04:23.991 > 27065,490,95861646,95846350,8047.27,-90.00,-94.00,35.4,35.8826
23:04:24.044 > 27118,491,95861616,95846325,8044.78,-90.32,-94.35,35.4,35.8685
23:04:24.097 > 27171,492,95861600,95846297,8044.41,-90.01,-94.27,35.4,35.8967
23:04:24.150 > 27224,493,95861578,95846290,8046.91,-89.83,-93.71,35.4,35.8638
23:04:24.203 > 27277,494,95861551,95846259,8062.23,-89.95,-94.02,35.4,35.8732
23:04:24.256 > 27330,495,95861537,95846241,8049.77,-89.41,-93.90,35.4,35.8826
23:04:24.325 > 27383,496,95861526,95846227,8043.02,-89.22,-93.86,35.4,35.8873
23:04:24.362 > 27436,497,95861500,95846193,8047.49,-89.82,-94.31,35.4,35.9061
23:04:24.415 > 27489,498,95861472,95846186,8051.89,-90.12,-93.78,35.4,35.8592
23:04:24.468 > 27542,499,95861446,95846159,8048.08,-89.38,-93.88,35.4,35.8592
23:04:24.521 > 27595,500,95861443,95846137,8047.35,-89.74,-94.25,35.4,35.9061
23:04:24.574 > 27648,501,95861409,95846116,8043.09,-89.41,-93.43,35.4,35.8732
23:04:24.627 > 27701,502,95861398,95846095,8050.28,-89.41,-93.69,35.4,35.8967
23:04:24.680 > 27754,503,95861372,95846071,8051.09,-89.66,-93.52,35.4,35.8920
23:04:24.733 > 27807,504,95861357,95846065,8062.16,-89.74,-94.40,35.4,35.8732
23:04:24.786 > 27860,505,95861334,95846039,8050.06,-90.31,-94.39,35.4,35.8779
23:04:24.839 > 27913,506,95861311,95846020,8061.79,-89.22,-93.70,35.4,35.8685
23:04:24.892 > 27966,507,95861293,95845991,8051.45,-89.11,-93.43,35.4,35.8967
23:04:24.945 > 28019,508,95861264,95845979,8047.79,-89.57,-94.31,35.4,35.8545
23:04:24.998 > 28072,509,95861241,95845967,8052.19,-89.15,-93.17,35.4,35.8310
23:04:25.051 > 28125,510,95861234,95845939,8050.28,-89.30,-93.24,35.4,35.8779
23:04:25.104 > 28178,511,95861210,95845920,8045.22,-89.79,-93.79,34.4,35.8685
23:04:25.157 > 28231,512,95861200,95845908,8051.53,-89.95,-94.23,35.4,35.8732
23:04:25.210 > 28284,513,95861686,95846397,8050.50,-90.00,-94.14,35.4,35.8638
23:04:25.263 > 28337,514,95861669,95846380,8047.35,-91.09,-94.09,34.4,35.8638
23:04:25.316 > 28390,515,95861654,95846362,8050.43,-89.61,-94.05,35.4,35.8732
23:04:25.372 > 28443,516,95861638,95846349,8045.22,-90.10,-93.77,35.4,35.8638
23:04:25.422 > 28496,517,95861609,95846317,8046.17,-89.79,-93.67,35.4,35.8732
23:04:25.475 > 28549,518,95861592,95846306,8050.28,-90.14,-93.78,34.4,35.8592
23:04:25.528 > 28602,519,95861578,95846276,8061.94,-89.78,-93.43,35.4,35.8967
23:04:25.581 > 28655,520,95861566,95846265,8048.59,-89.70,-93.75,35.4,35.8920
23:04:25.634 > 28708,521,95861535,95846248,8048.89,-89.22,-93.29,35.4,35.8592
23:04:25.687 > 28761,522,95861533,95846232,8050.50,-89.50,-93.58,35.4,35.8920
23:04:25.740 > 28814,523,95861507,95846210,8050.79,-89.66,-93.27,35.4,35.8826
23:04:25.793 > 28867,524,95861493,95846192,8048.15,-90.87,-93.75,35.4,35.8920
23:04:25.846 > 28920,525,95861474,95846183,8045.22,-89.78,-94.50,35.4,35.8685
23:04:25.899 > 28973,526,95861467,95846173,8049.33,-89.42,-93.13,34.4,35.8779
23:04:25.952 > 29026,527,95861442,95846151,8047.93,-90.17,-94.14,34.4,35.8685
23:04:26.005 > 29079,528,95861430,95846127,8046.76,-89.50,-93.55,34.4,35.8967
23:04:26.058 > 29132,529,95861403,95846103,8051.45,-89.08,-93.66,34.4,35.8920
23:04:26.111 > 29185,530,95861393,95846088,8045.59,-89.53,-94.12,35.4,35.9014
23:04:26.164 > 29238,531,95861372,95846074,8047.71,-89.87,-93.33,34.4,35.8873
23:04:26.217 > 29291,532,95861362,95846061,8050.57,-89.34,-93.06,35.4,35.8920
23:04:26.270 > 29344,533,95861333,95846042,8050.57,-89.18,-93.56,35.4,35.8685
23:04:26.338 > 29397,534,95861322,95846035,8047.64,-89.66,-93.35,35.4,35.8592
23:04:26.376 > 29450,535,95861299,95846010,8046.98,-89.41,-93.55,35.4,35.8638
23:04:26.429 > 29503,536,95861279,95845997,8046.32,-89.04,-93.33,35.4,35.8498
23:04:26.482 > 29556,537,95861270,95845975,8044.78,-89.41,-93.81,35.4,35.8779
23:04:26.535 > 29609,538,95861255,95845962,8048.15,-89.11,-93.01,35.4,35.8732
23:04:26.588 > 29662,539,95861235,95845933,8051.97,-89.57,-93.94,35.4,35.8967
23:04:26.641 > 29715,540,95861221,95845928,8045.59,-89.58,-93.80,35.4,35.8732
23:04:26.694 > 29768,541,95861200,95845920,8049.77,-88.86,-93.36,35.4,35.8451
23:04:26.747 > 29821,542,95861701,95846394,8048.81,-89.66,-93.35,35.4,35.9061
23:04:26.800 > 29874,543,95861674,95846395,8046.98,-88.97,-93.16,34.4,35.8404
23:04:26.853 > 29927,544,95861651,95846380,8048.30,-89.11,-93.35,35.4,35.8216
23:04:26.906 > 29980,545,95861664,95846356,8052.26,-93.88,-94.48,34.4,35.9108
23:04:26.959 > 30033,546,95861638,95846351,8049.84,-89.53,-93.40,35.4,35.8592
23:04:27.012 > 30086,547,95861611,95846316,8049.91,-89.66,-93.80,35.4,35.8779
23:04:27.065 > 30139,548,95861596,95846310,8047.93,-89.18,-93.54,35.4,35.8592
23:04:27.118 > 30192,549,95861587,95846291,8050.87,-89.92,-93.95,35.4,35.8826
23:04:27.171 > 30245,550,95861575,95846262,8047.20,-89.53,-93.24,35.4,35.9201
23:04:27.224 > 30298,551,95861556,95846270,8047.86,-89.53,-93.67,35.4,35.8592
23:04:27.277 > 30351,552,95861536,95846228,8062.74,-89.41,-93.80,35.4,35.9108
23:04:27.347 > 30404,553,95861512,95846224,8051.45,-89.11,-93.27,35.4,35.8638
23:04:27.383 > 30457,554,95861501,95846217,8046.83,-89.50,-93.91,35.4,35.8545
23:04:27.436 > 30510,555,95861470,95846189,8051.16,-89.70,-94.07,34.4,35.8451
23:04:27.489 > 30563,556,95861473,95846172,8047.57,-89.30,-93.70,34.4,35.8920
23:04:27.542 > 30616,557,95861447,95846165,8049.91,-89.11,-93.05,35.4,35.8498
23:04:27.595 > 30669,558,95861434,95846136,8047.64,-89.22,-93.06,35.4,35.8873
23:04:27.648 > 30722,559,95861407,95846116,8050.21,-89.61,-94.22,35.4,35.8685
23:04:27.701 > 30775,560,95861415,95846111,8051.31,-90.24,-93.89,35.4,35.9014
23:04:27.754 > 30828,561,95861377,95846081,8047.86,-89.07,-93.63,35.4,35.8826
23:04:27.807 > 30881,562,95861364,95846065,8048.08,-88.90,-92.94,35.4,35.8873
23:04:27.860 > 30934,563,95861349,95846049,8045.95,-89.53,-94.30,35.4,35.8920
23:04:27.913 > 30987,564,95861330,95846037,8046.47,-89.70,-94.07,34.4,35.8732
23:04:27.966 > 31040,565,95861318,95846026,8050.21,-89.15,-92.94,35.4,35.8732
23:04:28.019 > 31093,566,95861301,95845994,8047.42,-89.70,-94.04,35.4,35.9061
23:04:28.072 > 31146,567,95861278,95845992,8050.28,-89.94,-93.94,34.4,35.8592
23:04:28.125 > 31199,568,95861266,95845969,8049.47,-89.34,-93.88,35.4,35.8826
23:04:28.178 > 31252,569,95861248,95845950,8047.42,-89.45,-93.34,34.4,35.8873
23:04:28.231 > 31305,570,95861236,95845941,8050.87,-89.45,-93.40,34.4,35.8779
23:04:28.284 > 31358,571,95861213,95845930,8050.50,-89.37,-94.11,35.4,35.8498
23:04:28.344 > 31411,572,95861219,95845910,8050.94,-90.10,-94.61,35.4,35.9108
23:04:28.390 > 31464,573,95861703,95846391,8046.25,-89.96,-93.90,34.4,35.9201
23:04:28.443 > 31517,574,95861676,95846380,8048.59,-89.45,-93.18,34.4,35.8826
23:04:28.496 > 31570,575,95861675,95846377,8062.01,-89.70,-93.42,35.4,35.8873
23:04:28.549 > 31623,576,95861656,95846358,8049.91,-90.46,-93.98,35.4,35.8873
23:04:28.602 > 31676,577,95861646,95846351,8047.86,-89.26,-92.90,34.4,35.8779
23:04:28.655 > 31729,578,95861613,95846323,8046.54,-89.92,-94.24,34.4,35.8685
23:04:28.708 > 31782,579,95861604,95846298,8048.15,-89.54,-94.20,34.4,35.9061
23:04:28.761 > 31835,580,95861587,95846313,8049.25,-89.45,-93.72,35.4,35.8310
23:04:28.814 > 31888,581,95861586,95846282,8046.10,-89.08,-94.02,35.4,35.9014
23:04:28.867 > 31941,582,95861571,95846272,8050.72,-89.11,-93.29,35.4,35.8873
23:04:28.920 > 31994,583,95861555,95846262,8045.59,-89.08,-93.29,35.4,35.8732
23:04:28.973 > 32047,584,95861542,95846249,8050.72,-89.07,-93.43,35.4,35.8732
23:04:29.026 > 32100,585,95861537,95846232,8047.71,-89.54,-93.96,34.4,35.9014
23:04:29.079 > 32153,586,95861528,95846228,8061.94,-89.15,-94.04,35.4,35.8920
23:04:29.132 > 32206,587,95861506,95846218,8045.73,-88.97,-93.12,35.4,35.8638
23:04:29.185 > 32259,588,95861502,95846197,8048.74,-89.22,-93.31,34.4,35.9014
23:04:29.238 > 32312,589,95861490,95846187,8048.15,-89.57,-94.26,35.4,35.8967
23:04:29.291 > 32365,590,95861472,95846188,8047.57,-89.04,-93.35,34.4,35.8545
23:04:29.354 > 32418,591,95861458,95846170,8047.86,-89.38,-93.91,34.4,35.8638
23:04:29.397 > 32471,592,95861467,95846164,8047.64,-89.90,-94.95,35.4,35.8967
23:04:29.450 > 32524,593,95861432,95846153,8047.42,-89.57,-94.02,35.4,35.8404
23:04:29.503 > 32577,594,95861435,95846135,8062.01,-89.34,-94.22,35.4,35.8920
23:04:29.556 > 32630,595,95861421,95846124,8043.46,-89.49,-93.84,34.4,35.8826
23:04:29.609 > 32683,596,95861421,95846120,8048.23,-89.46,-93.80,35.4,35.8920
23:04:29.662 > 32736,597,95861403,95846112,8047.64,-88.93,-93.41,35.4,35.8685
23:04:29.715 > 32789,598,95861403,95846108,8050.94,-89.18,-94.17,35.4,35.8779
23:04:29.768 > 32842,599,95861396,95846113,8050.06,-89.53,-94.01,35.4,35.8498
23:04:29.821 > 32895,600,95861378,95846095,8044.93,-89.91,-94.35,35.4,35.8498
23:04:29.874 > 32948,601,95861380,95846087,8049.77,-89.45,-93.14,35.4,35.8732
23:04:29.927 > 33001,602,95861373,95846064,8049.25,-89.66,-93.44,35.4,35.9108
23:04:29.980 > 33054,603,95861349,95846064,8048.15,-89.30,-93.59,34.4,35.8545
23:04:30.033 > 33107,604,95861345,95846070,8046.83,-89.45,-94.18,35.4,35.8310
23:04:30.086 > 33160,605,95861352,95846048,8049.47,-89.34,-93.36,35.4,35.9014
23:04:30.139 > 33213,606,95861345,95846055,8047.49,-89.82,-93.72,35.4,35.8685
23:04:30.192 > 33266,607,95861346,95846045,8047.79,-89.18,-93.49,35.4,35.8920
23:04:30.245 > 33319,608,95861346,95846055,8045.59,-89.66,-94.21,35.4,35.8685
23:04:30.298 > 33372,609,95861322,95846021,8046.32,-89.22,-93.25,34.4,35.8920
23:04:30.351 > 33425,610,95861317,95846022,8044.05,-89.04,-93.33,35.4,35.8779
23:04:30.404 > 33478,611,95861309,95846020,8046.25,-89.34,-93.23,35.4,35.8638
23:04:30.457 > 33531,612,95861311,95846011,8047.35,-89.66,-93.98,35.4,35.8920
23:04:30.510 > 33584,613,95861294,95846003,8046.17,-89.26,-93.73,35.4,35.8685
23:04:30.563 > 33637,614,95861288,95846000,8047.71,-89.50,-93.61,35.4,35.8638
23:04:30.616 > 33690,615,95861283,95845979,8047.27,-89.62,-94.46,35.4,35.9014
23:04:30.669 > 33743,616,95861272,95845980,8049.25,-90.17,-94.24,35.4,35.8732
23:04:30.722 > 33796,617,95861274,95845985,8061.72,-90.04,-93.92,34.4,35.8638
23:04:30.775 > 33849,618,95861267,95845976,8045.88,-89.91,-93.82,34.4,35.8685
23:04:30.828 > 33902,619,95861247,95845965,8048.74,-89.96,-93.94,35.4,35.8498
23:04:30.881 > 33955,620,95861248,95845954,8046.47,-90.50,-93.57,35.4,35.8779
23:04:30.934 > 34008,621,95861239,95845946,8048.96,-90.61,-93.54,35.4,35.8732
23:04:30.987 > 34061,622,95861237,95845951,8050.65,-90.18,-94.16,35.4,35.8592
23:04:31.040 > 34114,623,95861228,95845933,8049.25,-89.61,-93.58,35.4,35.8779
23:04:31.093 > 34167,624,95861232,95845922,8047.42,-90.52,-94.91,34.4,35.9155
23:04:31.146 > 34220,625,95861223,95845931,8047.86,-89.70,-93.98,35.4,35.8732
23:04:31.199 > 34273,626,95861210,95845926,8047.64,-89.70,-93.81,34.4,35.8545
23:04:31.252 > 34326,627,95861211,95845903,8047.93,-89.50,-93.92,35.4,35.9108
23:04:31.305 > 34379,628,95861195,95845904,8050.13,-89.95,-94.04,35.4,35.8685
23:04:31.372 > 34432,629,95861203,95845905,8047.93,-84.05,-90.92,35.4,35.8873
23:04:31.411 > 34485,630,95861192,95845892,8043.61,-89.00,-92.86,35.4,35.8920
23:04:31.464 > 34538,631,95861688,95846398,8045.22,-89.37,-93.43,35.4,35.8685
23:04:31.517 > 34591,632,95861686,95846382,8046.47,-89.07,-92.96,35.4,35.9014
23:04:31.570 > 34644,633,95861674,95846382,8047.42,-88.90,-92.98,35.4,35.8732
23:04:31.623 > 34697,634,95861676,95846387,8047.64,-90.26,-93.68,35.4,35.8638
23:04:31.676 > 34750,635,95861674,95846378,8046.10,-90.87,-94.68,35.4,35.8826
23:04:31.729 > 34803,636,95861662,95846372,8049.84,-88.76,-93.62,34.4,35.8685
23:04:31.782 > 34856,637,95861660,95846373,8045.73,-89.00,-93.52,35.4,35.8592
23:04:31.835 > 34909,638,95861661,95846361,8046.98,-89.54,-94.15,35.4,35.8920
23:04:31.888 > 34962,639,95861660,95846350,8048.74,-89.26,-94.37,35.4,35.9155
23:04:31.941 > 35015,640,95861648,95846354,8048.96,-89.08,-94.30,35.4,35.8779
23:04:31.994 > 35068,641,95861657,95846349,8044.34,-89.61,-94.26,35.4,35.9108
23:04:32.047 > 35121,642,95861640,95846338,8043.53,-88.97,-93.03,35.4,35.8967
23:04:32.100 > 35174,643,95861624,95846331,8050.43,-89.34,-93.91,35.4,35.8732
23:04:32.153 > 35227,644,95861630,95846326,8050.65,-89.38,-93.17,34.4,35.9014
23:04:32.206 > 35280,645,95861613,95846323,8048.08,-89.26,-93.15,35.4,35.8685
23:04:32.259 > 35333,646,95861612,95846326,8051.82,-89.58,-94.06,34.4,35.8592
23:04:32.322 > 35386,647,95861609,95846313,8048.01,-89.19,-93.24,34.4,35.8826
23:04:32.365 > 35439,648,95861602,95846295,8049.99,-89.08,-93.32,34.4,35.9061
23:04:32.418 > 35492,649,95861597,95846301,8047.93,-89.26,-93.49,35.4,35.8826
23:04:32.471 > 35545,650,95861594,95846304,8045.00,-89.07,-93.53,35.4,35.8685
23:04:32.524 > 35598,651,95861596,95846293,8050.43,-89.08,-94.10,35.4,35.8967
23:04:32.577 > 35651,652,95861591,95846298,8046.25,-89.11,-93.80,35.4,35.8732
23:04:32.630 > 35704,653,95861580,95846278,8045.66,-89.00,-93.96,34.4,35.8967
23:04:32.683 > 35757,654,95861580,95846289,8049.91,-89.15,-93.47,35.4,35.8685
23:04:32.736 > 35810,655,95861573,95846278,8051.38,-89.22,-93.37,34.4,35.8779
23:04:32.789 > 35863,656,95861562,95846276,8047.86,-89.49,-94.12,35.4,35.8592
23:04:32.842 > 35916,657,95861563,95846269,8048.74,-89.49,-93.92,35.4,35.8779
23:04:32.895 > 35969,658,95861554,95846255,8043.75,-89.04,-93.49,35.4,35.8873
23:04:32.948 > 36022,659,95861546,95846261,8048.74,-89.04,-93.45,34.4,35.8545
23:04:33.001 > 36075,660,95861546,95846250,8048.74,-89.18,-93.84,35.4,35.8826
23:04:33.054 > 36128,661,95861536,95846242,8049.69,-89.26,-93.31,35.4,35.8779
23:04:33.107 > 36181,662,95861543,95846234,8050.43,-88.90,-93.25,35.4,35.9108
23:04:33.160 > 36234,663,95861535,95846239,8051.23,-88.97,-93.17,35.4,35.8826
23:04:33.213 > 36287,664,95861538,95846245,8050.28,-88.83,-93.21,35.4,35.8732
23:04:33.266 > 36340,665,95861524,95846246,8046.69,-89.30,-93.94,34.4,35.8404
23:04:33.319 > 36393,666,95861532,95846241,8051.01,-90.03,-93.43,35.4,35.8685
23:04:33.373 > 36446,667,95861523,95846226,8045.73,-89.92,-93.90,35.4,35.8826
23:04:33.425 > 36499,668,95861520,95846220,8051.97,-89.95,-93.98,35.4,35.8920
23:04:33.478 > 36552,669,95861523,95846226,8050.06,-89.34,-93.93,35.4,35.8826
23:04:33.531 > 36605,670,95861525,95846216,8046.98,-90.28,-93.88,35.4,35.9108
23:04:33.584 > 36658,671,95861516,95846224,8047.05,-90.18,-93.44,35.4,35.8732
23:04:33.637 > 36711,672,95861514,95846227,8049.55,-90.34,-94.39,35.4,35.8592
23:04:33.690 > 36764,673,95861517,95846205,8050.57,-91.04,-95.03,35.4,35.9201
23:04:33.743 > 36817,674,95861522,95846227,8047.49,-91.21,-94.53,34.4,35.8779
23:04:33.796 > 36870,675,95861504,95846221,8048.45,-89.66,-93.90,35.4,35.8498
23:04:33.849 > 36923,676,95861514,95846215,8046.98,-89.45,-92.92,34.4,35.8873
23:04:33.902 > 36976,677,95861510,95846205,8048.81,-89.37,-93.27,35.4,35.9014
23:04:33.955 > 37029,678,95861504,95846207,8047.57,-89.22,-92.88,35.4,35.8826
23:04:34.008 > 37082,679,95861506,95846190,8051.97,-89.54,-93.64,35.4,35.9295
23:04:34.061 > 37135,680,95861503,95846203,8048.96,-89.82,-93.83,35.4,35.8920
23:04:34.114 > 37188,681,95861511,95846206,8043.24,-90.14,-93.65,35.4,35.9014
23:04:34.167 > 37241,682,95861507,95846214,8046.47,-89.45,-93.16,35.4,35.8732
23:04:34.220 > 37294,683,95861497,95846203,8049.77,-90.08,-93.18,35.4,35.8779
23:04:34.273 > 37347,684,95861511,95846202,8045.88,-89.87,-93.13,35.4,35.9108
23:04:34.341 > 37400,685,95861496,95846185,8048.08,-89.15,-93.06,35.4,35.9155
23:04:34.379 > 37453,686,95861497,95846201,8050.50,-89.26,-93.01,35.4,35.8826
23:04:34.432 > 37506,687,95861508,95846207,8049.11,-89.87,-93.72,35.4,35.8920
23:04:34.485 > 37559,688,95861499,95846206,8044.93,-90.98,-93.83,35.4,35.8732
23:04:34.538 > 37612,689,95861489,95846200,8046.91,-89.66,-93.37,35.4,35.8638
23:04:34.591 > 37665,690,95861504,95846213,8049.40,-90.01,-93.80,35.4,35.8685
23:04:34.644 > 37718,691,95861500,95846199,8046.69,-89.79,-93.87,35.4,35.8920
23:04:34.697 > 37771,692,95861504,95846195,8048.59,-89.70,-93.26,35.4,35.9108
23:04:34.750 > 37824,693,95861504,95846207,8051.09,-90.98,-93.75,35.4,35.8826
23:04:34.803 > 37877,694,95861502,95846210,8043.53,-89.61,-93.09,34.4,35.8732
23:04:34.856 > 37930,695,95861502,95846205,8047.86,-90.56,-94.04,35.4,35.8826
23:04:34.909 > 37983,696,95861504,95846213,8048.67,-89.92,-93.77,35.4,35.8685
23:04:34.962 > 38036,697,95861492,95846196,8045.15,-89.62,-93.41,35.4,35.8826
23:04:35.015 > 38089,698,95861518,95846207,8050.94,-89.37,-92.87,35.4,35.9155
23:04:35.068 > 38142,699,95861518,95846216,8048.37,-90.98,-93.95,35.4,35.8967
23:04:35.121 > 38195,700,95861520,95846222,8043.75,-89.61,-93.68,35.4,35.8873
23:04:35.174 > 38248,701,95861521,95846222,8048.37,-90.01,-93.08,35.4,35.8873
23:04:35.227 > 38301,702,95861530,95846222,8048.23,-89.58,-93.64,35.4,35.9108
23:04:35.280 > 38354,703,95861520,95846220,8047.35,-89.74,-92.97,35.4,35.8920
23:04:35.333 > 38407,704,95861524,95846224,8051.31,-89.74,-93.56,35.4,35.8920
23:04:35.386 > 38460,705,95861521,95846234,8044.71,-89.70,-93.80,35.4,35.8592
23:04:35.439 > 38513,706,95861522,95846238,8045.15,-90.28,-93.81,35.4,35.8545
23:04:35.492 > 38566,707,95861527,95846237,8047.05,-89.74,-93.52,35.4,35.8685
23:04:35.545 > 38619,708,95861518,95846247,8046.76,-90.19,-93.93,35.4,35.8216
23:04:35.598 > 38672,709,95861536,95846224,8048.59,-89.34,-93.43,35.4,35.9201
23:04:35.651 > 38725,710,95861526,95846237,8050.65,-89.34,-93.15,35.4,35.8638
23:04:35.704 > 38778,711,95861534,95846242,8047.20,-90.17,-94.04,35.4,35.8732
23:04:35.757 > 38831,712,95861538,95846241,8048.01,-89.53,-93.36,35.4,35.8826
23:04:35.810 > 38884,713,95861540,95846255,8051.16,-89.45,-92.77,35.4,35.8545
23:04:35.863 > 38937,714,95861547,95846258,8046.47,-89.46,-93.33,35.4,35.8638
23:04:35.916 > 38990,715,95861549,95846250,8046.32,-89.62,-93.30,35.4,35.8873
23:04:35.969 > 39043,716,95861557,95846258,8050.65,-89.34,-92.86,35.4,35.8873
23:04:36.022 > 39096,717,95861549,95846260,8049.84,-89.87,-93.82,35.4,35.8638
23:04:36.075 > 39149,718,95861567,95846265,8046.83,-89.74,-93.36,35.4,35.8967
23:04:36.128 > 39202,719,95861571,95846287,8048.81,-89.87,-93.22,35.4,35.8545
23:04:36.181 > 39255,720,95861593,95846289,8048.52,-90.24,-94.52,35.4,35.9014
23:04:36.234 > 39308,721,95861571,95846289,8048.59,-89.38,-93.12,35.4,35.8498
23:04:36.287 > 39361,722,95861596,95846294,8048.23,-88.03,-91.67,35.4,35.8967
23:04:36.341 > 39414,723,95861601,95846299,8048.08,-90.37,-93.95,34.4,35.8967
23:04:36.393 > 39467,724,95861605,95846316,8047.64,-89.87,-93.45,34.4,35.8638
23:04:36.446 > 39520,725,95861610,95846318,8047.71,-89.53,-93.16,35.4,35.8732
23:04:36.499 > 39573,726,95861633,95846339,8043.83,-89.92,-93.50,35.4,35.8779
23:04:36.552 > 39626,727,95861616,95846337,8049.69,-89.54,-93.40,34.4,35.8404
23:04:36.605 > 39679,728,95861641,95846346,8046.83,-89.78,-93.09,35.4,35.8779
23:04:36.658 > 39732,729,95861637,95846348,8045.66,-89.37,-93.15,34.4,35.8638
23:04:36.711 > 39785,730,95861660,95846350,8051.82,-90.10,-93.23,35.4,35.9155
23:04:36.764 > 39838,731,95861661,95846366,8048.81,-89.49,-93.28,35.4,35.8779
23:04:36.817 > 39891,732,95861662,95846370,8051.75,-89.15,-93.09,35.4,35.8732
23:04:36.870 > 39944,733,95861674,95846382,8047.49,-89.57,-93.93,35.4,35.8732
23:04:36.923 > 39997,734,95861676,95846392,8050.06,-89.26,-93.32,35.4,35.8545
23:04:36.976 > 40050,735,95861178,95845892,8047.27,-89.49,-93.22,35.4,35.8592
23:04:37.029 > 40103,736,95861184,95845891,8046.76,-89.83,-94.08,35.4,35.8732
23:04:37.082 > 40156,737,95861198,95845894,8045.59,-89.66,-93.34,35.4,35.9014
23:04:37.135 > 40209,738,95861207,95845910,8046.61,-89.70,-93.82,35.4,35.8826
23:04:37.188 > 40262,739,95861202,95845918,8049.40,-89.53,-93.47,35.4,35.8545
23:04:37.241 > 40315,740,95861212,95845928,8043.83,-89.78,-94.30,35.4,35.8545
23:04:37.294 > 40368,741,95861225,95845921,8048.23,-89.00,-93.31,35.4,35.9014
23:04:37.351 > 40421,742,95861232,95845942,8047.20,-89.38,-93.16,35.4,35.8685
23:04:37.400 > 40474,743,95861236,95845930,8051.16,-89.07,-93.04,35.4,35.9061
23:04:37.453 > 40527,744,95861255,95845954,8048.37,-89.26,-93.21,35.4,35.8920
23:04:37.506 > 40580,745,95861262,95845952,8061.79,-89.37,-93.48,35.4,35.9155
23:04:37.559 > 40633,746,95861268,95845963,8046.17,-89.30,-93.73,35.4,35.9014
23:04:37.612 > 40686,747,95861276,95845968,8046.54,-90.09,-93.94,34.4,35.9108
23:04:37.665 > 40739,748,95861280,95845986,8049.77,-89.22,-93.30,35.4,35.8779
23:04:37.718 > 40792,749,95861280,95845991,8049.18,-88.97,-93.18,34.4,35.8638
23:04:37.771 > 40845,750,95861303,95846004,8048.23,-89.53,-93.45,35.4,35.8873
23:04:37.824 > 40898,751,95861314,95846016,8046.03,-88.73,-92.54,34.4,35.8873
23:04:37.877 > 40951,752,95861322,95846020,8048.37,-89.26,-93.69,35.4,35.8967
23:04:37.930 > 41004,753,95861323,95846015,8046.03,-89.30,-93.57,35.4,35.9108
23:04:37.983 > 41057,754,95861336,95846026,8048.37,-90.12,-93.76,35.4,35.9155
23:04:38.036 > 41110,755,95861332,95846032,8047.93,-89.18,-93.52,35.4,35.8920
23:04:38.089 > 41163,756,95861345,95846042,8043.75,-88.93,-93.39,35.4,35.8967
23:04:38.142 > 41216,757,95861342,95846050,8049.91,-88.90,-93.99,35.4,35.8732
23:04:38.195 > 41269,758,95861352,95846059,8044.93,-88.69,-92.98,35.4,35.8732
23:04:38.248 > 41322,759,95861369,95846062,8049.40,-89.99,-93.05,35.4,35.9061
23:04:38.301 > 41375,760,95861377,95846070,8044.19,-88.97,-92.75,35.4,35.9061
23:04:38.354 > 41428,761,95861377,95846075,8052.19,-89.04,-92.82,35.4,35.8967
23:04:38.407 > 41481,762,95861394,95846090,8048.15,-90.26,-94.10,35.4,35.9014
23:04:38.460 > 41534,763,95861400,95846097,8049.03,-90.08,-93.56,35.4,35.8967
23:04:38.513 > 41587,764,95861398,95846099,8045.00,-89.73,-93.28,35.4,35.8873
23:04:38.566 > 41640,765,95861412,95846109,8049.55,-89.30,-93.12,35.4,35.8967
23:04:38.619 > 41693,766,95861422,95846122,8048.45,-89.22,-92.99,35.4,35.8920
23:04:38.672 > 41746,767,95861419,95846124,8047.13,-88.93,-92.93,35.4,35.8779
23:04:38.725 > 41799,768,95861431,95846141,8046.03,-89.15,-93.02,35.4,35.8685
23:04:38.778 > 41852,769,95861432,95846134,8047.20,-89.19,-92.97,35.4,35.8873
23:04:38.831 > 41905,770,95861456,95846143,8047.42,-94.55,-94.35,35.4,35.9201
23:04:38.884 > 41958,771,95861455,95846166,8047.27,-89.41,-93.85,35.4,35.8638
23:04:38.937 > 42011,772,95861477,95846186,8047.35,-89.54,-93.63,34.4,35.8685
23:04:38.990 > 42064,773,95861471,95846173,8046.83,-90.31,-93.40,35.4,35.8873
23:04:39.043 > 42117,774,95861487,95846191,8049.91,-89.19,-93.08,35.4,35.8826
23:04:39.096 > 42170,775,95861495,95846201,8047.42,-89.49,-93.05,35.4,35.8779
23:04:39.149 > 42223,776,95861501,95846209,8046.32,-89.53,-92.94,35.4,35.8732
23:04:39.202 > 42276,777,95861519,95846230,8062.23,-89.58,-93.12,35.4,35.8638
23:04:39.255 > 42329,778,95861519,95846224,8048.52,-89.70,-93.29,35.4,35.8779
23:04:39.308 > 42382,779,95861533,95846233,8051.38,-89.45,-93.11,35.4,35.8920
23:04:39.374 > 42435,780,95861538,95846254,8046.17,-90.24,-94.24,35.4,35.8545
23:04:39.489 > 42563,782,95861609,95846310,8048.74,-90.38,-93.82,35.4,35.8873
23:04:39.542 > 42616,783,95861569,95846285,8062.01,-90.10,-94.00,35.4,35.8545
23:04:39.595 > 42669,784,95861574,95846279,8051.31,-89.87,-93.83,35.4,35.8779
23:04:39.648 > 42722,785,95861595,95846295,8046.76,-90.18,-93.69,35.4,35.8920
23:04:39.701 > 42775,786,95861592,95846289,8050.13,-89.57,-93.93,35.4,35.8967
23:04:39.754 > 42828,787,95861591,95846296,8044.12,-89.49,-93.60,35.4,35.8779
23:04:39.807 > 42881,788,95861590,95846299,8050.21,-89.87,-94.25,35.4,35.8685
23:04:39.860 > 42934,789,95861596,95846309,8061.72,-90.29,-93.65,35.4,35.8592
23:04:39.913 > 42987,790,95861606,95846303,8048.74,-90.24,-94.09,35.4,35.8967
23:04:39.966 > 43040,791,95861593,95846305,8044.78,-89.82,-93.40,35.4,35.8638
23:04:40.019 > 43093,792,95861602,95846319,8049.25,-90.04,-93.90,35.4,35.8498
23:04:40.072 > 43146,793,95861612,95846323,8046.17,-89.66,-93.06,35.4,35.8638
23:04:40.125 > 43199,794,95861619,95846332,8045.07,-90.98,-93.89,35.4,35.8592
23:04:40.178 > 43252,795,95861636,95846342,8051.38,-89.87,-93.49,35.4,35.8779
23:04:40.231 > 43305,796,95861643,95846353,8051.60,-86.85,-91.36,35.4,35.8685
23:04:40.284 > 43358,797,95861669,95846358,8062.67,-90.52,-94.58,35.4,35.9155
23:04:40.346 > 43411,798,95861672,95846366,8050.65,-89.30,-93.19,35.4,35.9061
23:04:40.390 > 43464,799,95861679,95846370,8047.64,-89.34,-93.49,35.4,35.9108
23:04:40.443 > 43517,800,95861682,95846382,8048.89,-91.09,-94.39,35.4,35.8920
23:04:40.496 > 43570,801,95861703,95846394,8045.95,-89.83,-93.41,34.4,35.9108
23:04:40.549 > 43623,802,95861203,95845889,8049.03,-89.70,-93.73,35.4,35.9248
23:04:40.602 > 43676,803,95861211,95845912,8047.35,-89.30,-93.77,35.4,35.8873
23:04:40.655 > 43729,804,95861224,95845926,8049.47,-89.30,-93.19,35.4,35.8873
23:04:40.708 > 43782,805,95861234,95845952,8045.15,-89.41,-93.28,35.4,35.8498
23:04:40.761 > 43835,806,95861257,95845955,8045.29,-89.70,-93.79,35.4,35.8967
23:04:40.814 > 43888,807,95861269,95845980,8046.98,-89.79,-93.81,35.4,35.8638
23:04:40.867 > 43941,808,95861275,95845983,8046.17,-89.34,-93.40,35.4,35.8732
23:04:40.920 > 43994,809,95861303,95846004,8046.98,-90.76,-93.60,35.4,35.8873
23:04:40.973 > 44047,810,95861317,95846017,8051.23,-89.87,-93.21,35.4,35.8920
23:04:41.026 > 44100,811,95861334,95846026,8050.35,-90.42,-93.72,35.4,35.9108
23:04:41.079 > 44153,812,95861339,95846048,8047.64,-89.61,-93.54,35.4,35.8685
23:04:41.132 > 44206,813,95861365,95846058,8046.69,-89.96,-93.33,34.4,35.9061
23:04:41.185 > 44259,814,95861373,95846070,8047.42,-89.46,-93.17,35.4,35.8967
23:04:41.238 > 44312,815,95861389,95846102,8047.93,-89.91,-93.88,35.4,35.8592
23:04:41.291 > 44365,816,95861406,95846104,8048.67,-89.61,-93.51,35.4,35.8967
23:04:41.351 > 44418,817,95861422,95846114,8043.68,-89.49,-93.25,35.4,35.9108
23:04:41.397 > 44471,818,95861437,95846144,8049.62,-91.21,-94.31,35.4,35.8732
23:04:41.450 > 44524,819,95861467,95846168,8050.65,-89.79,-94.16,35.4,35.8873
23:04:41.503 > 44577,820,95861472,95846174,8049.77,-89.62,-93.48,35.4,35.8873
23:04:41.556 > 44630,821,95861489,95846205,8050.79,-89.87,-93.61,34.4,35.8545
23:04:41.609 > 44683,822,95861509,95846208,8045.07,-90.04,-93.58,35.4,35.8920
23:04:41.662 > 44736,823,95861532,95846233,8048.01,-90.00,-93.87,35.4,35.8873
23:04:41.715 > 44789,824,95861542,95846248,8046.83,-90.04,-93.84,35.4,35.8779
23:04:41.768 > 44842,825,95861565,95846275,8046.98,-90.71,-93.65,35.4,35.8685
23:04:41.821 > 44895,826,95861594,95846292,8043.53,-90.96,-94.81,35.4,35.8967
23:04:41.874 > 44948,827,95861596,95846304,8050.35,-89.82,-93.15,35.4,35.8732
23:04:41.927 > 45001,828,95861607,95846318,8061.94,-90.00,-93.70,35.4,35.8638
23:04:41.980 > 45054,829,95861641,95846332,8047.20,-90.62,-94.11,35.4,35.9108
23:04:42.033 > 45107,830,95861647,95846355,8045.59,-90.00,-93.66,35.4,35.8732
23:04:42.086 > 45160,831,95861674,95846371,8047.79,-90.24,-93.63,35.4,35.8967
23:04:42.139 > 45213,832,95861688,95846393,8045.07,-88.27,-91.38,35.4,35.8779
23:04:42.192 > 45266,833,95861204,95845911,8046.91,-90.04,-93.98,35.4,35.8732
23:04:42.245 > 45319,834,95861210,95845928,8042.95,-89.53,-93.47,35.4,35.8498
23:04:42.298 > 45372,835,95861231,95845937,8047.93,-90.62,-94.44,35.4,35.8779
23:04:42.351 > 45425,836,95861263,95845954,8045.37,-90.00,-93.42,35.4,35.9108
23:04:42.404 > 45478,837,95861275,95845982,8046.76,-89.70,-93.62,35.4,35.8732
23:04:42.457 > 45531,838,95861287,95846004,8046.39,-89.70,-93.38,35.4,35.8498
23:04:42.510 > 45584,839,95861322,95846083,8046.76,-89.83,-93.72,35.4,35.7465
23:04:42.563 > 45637,840,95861336,95846049,8049.40,-89.66,-93.71,35.4,35.8592
23:04:42.616 > 45690,841,95861359,95846058,8045.07,-90.01,-94.21,35.4,35.8920
23:04:42.669 > 45743,842,95861377,95846093,8050.79,-90.19,-94.24,35.4,35.8545
23:04:42.722 > 45796,843,95861394,95846114,8048.67,-89.70,-94.00,35.4,35.8451
23:04:42.775 > 45849,844,95861420,95846130,8046.39,-89.82,-93.75,35.4,35.8685
23:04:42.828 > 45902,845,95861451,95846154,8047.49,-89.53,-93.75,35.4,35.8826
23:04:42.881 > 45955,846,95861470,95846163,8050.28,-89.57,-93.78,35.4,35.9061
23:04:42.934 > 46008,847,95861493,95846198,8048.08,-89.70,-93.83,35.4,35.8779
23:04:42.987 > 46061,848,95861519,95846224,8051.01,-89.30,-92.92,35.4,35.8779
23:04:43.040 > 46114,849,95861536,95846245,8048.30,-88.97,-93.07,35.4,35.8685
23:04:43.092 > 46167,850,95861552,95846246,8043.46,-88.97,-93.00,35.4,35.9061
23:04:43.147 > 46220,851,95861585,95846274,8045.81,-89.90,-93.42,35.4,35.9155
23:04:43.199 > 46273,852,95861604,95846296,8048.67,-89.34,-93.20,35.4,35.9108
23:04:43.252 > 46326,853,95861627,95846338,8046.39,-89.07,-92.69,35.4,35.8638
23:04:43.305 > 46379,854,95861635,95846354,8051.82,-89.70,-93.44,35.4,35.8451
23:04:43.372 > 46432,855,95861671,95846370,8047.71,-89.11,-92.99,35.4,35.8920
23:04:43.411 > 46485,856,95861677,95846380,8049.99,-89.22,-93.02,35.4,35.8826
23:04:43.464 > 46538,857,95861706,95846395,8048.37,-89.18,-93.06,35.4,35.9155
23:04:43.517 > 46591,858,95861207,95845910,8047.27,-88.93,-93.23,35.4,35.8826
23:04:43.570 > 46644,859,95861230,95845944,8046.10,-89.30,-93.75,35.4,35.8592
23:04:43.623 > 46697,860,95861259,95845941,8045.44,-89.08,-92.58,35.4,35.9342
23:04:43.676 > 46750,861,95861275,95845982,8047.05,-90.14,-93.93,35.4,35.8732
23:04:43.729 > 46803,862,95861287,95845989,8046.25,-88.90,-93.05,35.4,35.8873
23:04:43.782 > 46856,863,95861315,95846018,8050.43,-92.70,-93.52,35.4,35.8826
23:04:43.835 > 46909,864,95861332,95846020,8046.32,-89.42,-93.35,35.4,35.9201
23:04:43.888 > 46962,865,95861358,95846050,8050.43,-89.61,-93.32,34.4,35.9108
23:04:43.941 > 47015,866,95861372,95846080,8051.60,-89.34,-93.09,35.4,35.8732
23:04:43.994 > 47068,867,95861389,95846089,8045.73,-89.45,-93.37,35.4,35.8920
23:04:44.047 > 47121,868,95861407,95846116,8048.37,-89.26,-93.16,35.4,35.8685
23:04:44.100 > 47174,869,95861447,95846139,8048.30,-89.58,-93.24,35.4,35.9108
23:04:44.153 > 47227,870,95861452,95846154,8045.81,-90.85,-94.34,35.4,35.8873
23:04:44.206 > 47280,871,95861478,95846191,8044.41,-90.32,-94.04,35.4,35.8592
23:04:44.259 > 47333,872,95861502,95846195,8045.73,-89.87,-93.23,35.4,35.9061
23:04:44.322 > 47386,873,95861521,95846225,8048.59,-89.37,-93.06,35.4,35.8826
23:04:44.364 > 47439,874,95861540,95846237,8049.25,-89.22,-93.35,35.4,35.8967
23:04:44.418 > 47492,875,95861553,95846264,8047.35,-89.62,-93.47,35.4,35.8638
23:04:44.471 > 47545,876,95861594,95846278,8052.04,-89.92,-93.92,35.4,35.9295
23:04:44.524 > 47598,877,95861612,95846313,8045.22,-90.18,-93.69,35.4,35.8873
23:04:44.577 > 47651,878,95861634,95846326,8049.11,-90.04,-92.97,35.4,35.9108
23:04:44.630 > 47704,879,95861640,95846353,8062.08,-90.04,-93.26,35.4,35.8592
23:04:44.683 > 47757,880,95861659,95846374,8047.35,-90.14,-94.02,35.4,35.8545
23:04:44.736 > 47810,881,95861697,95846397,8047.57,-90.05,-93.09,35.4,35.8920
23:04:44.789 > 47863,882,95861198,95845905,8062.89,-91.32,-94.33,35.4,35.8732
23:04:44.842 > 47916,883,95861232,95845929,8044.27,-90.23,-94.11,35.4,35.8967
23:04:44.895 > 47969,884,95861248,95845953,8046.10,-89.70,-93.38,35.4,35.8779
23:04:44.948 > 48022,885,95861265,95845977,8047.27,-89.34,-93.63,35.4,35.8638
23:04:45.001 > 48075,886,95861295,95845993,8050.65,-91.21,-94.30,35.4,35.8967
23:04:45.054 > 48128,887,95861320,95846014,8048.52,-89.70,-93.57,35.4,35.9061
23:04:45.107 > 48181,888,95861331,95846035,8044.12,-89.38,-94.51,35.4,35.8826
23:04:45.160 > 48234,889,95861351,95846064,8044.12,-89.19,-93.89,35.4,35.8592
23:04:45.213 > 48287,890,95861385,95846081,8047.35,-89.08,-93.50,35.4,35.9014
23:04:45.266 > 48340,891,95861401,95846113,8048.08,-89.91,-95.96,35.4,35.8638
23:04:45.319 > 48393,892,95861410,95846136,8046.25,-88.90,-93.99,35.4,35.8310
23:04:45.374 > 48446,893,95861440,95846165,8049.18,-89.30,-94.28,35.4,35.8310
23:04:45.425 > 48499,894,95861463,95846184,8047.05,-88.93,-94.26,35.4,35.8404
23:04:45.477 > 48552,895,95861491,95846199,8046.61,-89.30,-94.04,34.4,35.8732
23:04:45.531 > 48605,896,95861522,95846216,8043.97,-89.57,-94.08,35.4,35.9061
23:04:45.584 > 48658,897,95861542,95846233,8045.44,-88.83,-92.87,35.4,35.9108
23:04:45.637 > 48711,898,95861576,95846268,8046.54,-89.30,-92.83,35.4,35.9108
23:04:45.690 > 48764,899,95861596,95846298,8047.71,-88.93,-93.20,35.4,35.8873
23:04:45.742 > 48817,900,95861608,95846314,8048.89,-89.22,-93.13,35.4,35.8779
23:04:45.796 > 48870,901,95861649,95846337,8043.46,-89.11,-92.67,35.4,35.9201
23:04:45.849 > 48923,902,95861663,95846362,8047.13,-88.60,-92.41,35.4,35.8920
23:04:45.901 > 48976,903,95861694,95846397,8048.67,-89.18,-92.87,35.4,35.8826
23:04:45.954 > 49029,904,95861196,95845894,8049.62,-89.22,-92.56,34.4,35.8967
23:04:46.008 > 49082,905,95861218,95845928,8050.94,-89.78,-94.48,34.4,35.8685
23:04:46.061 > 49135,906,95861244,95845961,8046.61,-89.22,-93.88,35.4,35.8498
23:04:46.114 > 49188,907,95861273,95845975,8044.78,-89.11,-93.83,35.4,35.8873
23:04:46.167 > 49241,908,95861305,95845999,8047.13,-89.50,-93.31,35.4,35.9061
23:04:46.220 > 49294,909,95861322,95846025,8045.44,-89.54,-92.64,35.4,35.8826
23:04:46.273 > 49347,910,95861346,95846042,8051.01,-89.96,-92.66,35.4,35.9014
23:04:46.326 > 49400,911,95861371,95846073,8045.88,-90.04,-92.57,35.4,35.8873
23:04:46.379 > 49453,912,95861399,95846104,8049.03,-90.09,-92.88,35.4,35.8779
23:04:46.431 > 49506,913,95861423,95846121,8049.18,-91.35,-93.69,35.4,35.8967
23:04:46.485 > 49559,914,95861451,95846154,8049.99,-91.58,-93.41,35.4,35.8826
23:04:46.538 > 49612,915,95861477,95846183,8045.81,-90.54,-92.89,35.4,35.8779
23:04:46.591 > 49665,916,95861489,95846201,8044.93,-90.14,-92.54,35.4,35.8638
23:04:46.644 > 49718,917,95861525,95846231,8045.73,-91.33,-94.48,35.4,35.8779
23:04:46.697 > 49771,918,95861538,95846262,8049.69,-90.14,-93.73,35.4,35.8357
23:04:46.750 > 49824,919,95861582,95846277,8046.91,-90.76,-93.55,35.4,35.9014
23:04:46.803 > 49877,920,95861609,95846297,8047.57,-84.48,-91.17,35.4,35.9201
23:04:46.856 > 49930,921,95861640,95846336,8048.01,-89.96,-93.63,34.4,35.9014
23:04:46.909 > 49983,922,95861661,95846354,8051.09,-90.61,-93.76,34.4,35.9061
23:04:46.962 > 50036,923,95861699,95846378,8047.27,-90.00,-93.86,35.4,35.9389
23:04:47.015 > 50089,924,95861210,95845901,8045.51,-93.30,-94.25,35.4,35.9108
23:04:47.068 > 50142,925,95861231,95845932,8049.69,-90.52,-93.58,34.4,35.8873
23:04:47.121 > 50195,926,95861264,95845975,8044.27,-90.64,-93.36,35.4,35.8638
23:04:47.174 > 50248,927,95861278,95845991,8048.45,-92.21,-94.43,35.4,35.8592
23:04:47.227 > 50301,928,95861312,95846016,8048.15,-90.91,-93.36,35.4,35.8826
23:04:47.280 > 50354,929,95861348,95846050,8049.47,-90.08,-92.91,35.4,35.8873
23:04:47.334 > 50407,930,95861359,95846071,8043.24,-91.06,-93.59,35.4,35.8638
23:04:47.385 > 50460,931,95861416,95846103,8045.73,-96.31,-95.44,35.4,35.9201
23:04:47.438 > 50513,932,95861426,95846125,8062.16,-90.95,-93.24,35.4,35.8920
23:04:47.492 > 50566,933,95861467,95846159,8050.79,-90.85,-94.52,35.4,35.9108
23:04:47.545 > 50619,934,95861484,95846189,8047.57,-88.93,-91.99,35.4,35.8779
23:04:47.598 > 50672,935,95861508,95846211,8044.41,-90.68,-93.35,35.4,35.8826
23:04:47.651 > 50725,936,95861545,95846240,8046.91,-91.42,-94.82,35.4,35.9014
23:04:47.704 > 50778,937,95861579,95846279,8047.42,-90.47,-93.20,35.4,35.8920
23:04:47.757 > 50831,938,95861591,95846306,8045.00,-90.42,-93.67,35.4,35.8545
23:04:47.810 > 50884,939,95861633,95846341,8047.64,-90.38,-93.34,35.4,35.8732
23:04:47.862 > 50937,940,95861662,95846358,8048.15,-91.33,-94.08,34.4,35.9014
23:04:47.915 > 50990,941,95861691,95846397,8043.83,-90.19,-93.27,35.4,35.8779
23:04:47.969 > 51043,942,95861217,95845917,8045.95,-90.23,-94.09,35.4,35.8920
23:04:48.021 > 51096,943,95861237,95845947,8043.68,-90.43,-93.61,35.4,35.8685
23:04:48.075 > 51149,944,95861273,95845973,8052.11,-89.38,-93.18,35.4,35.8920
23:04:48.128 > 51202,945,95861298,95845998,8045.37,-89.30,-92.71,35.4,35.8920
23:04:48.182 > 51255,946,95861326,95846030,8051.82,-90.09,-93.29,35.4,35.8826
